    0.0000   -0.5000    0.0000    0.0000   -1.0000    0.5000    0.0000    0.0000    1.0000   -0.1000    0.0000    0.0000   -0.1000    0.1000    0.0000    0.0000    0.1000    1   -0.2157   -0.0000    0.0000   -0.0000    0.0000
    0.0002   -0.5000    0.0003   -0.0002   -1.0000    0.5000   -0.0003    0.0002    1.0000   -0.1000    0.0002   -0.0000   -0.1000    0.1000   -0.0002    0.0000    0.1000    2   -0.2157    0.0004    0.0004    0.0002    0.0002
    0.0006   -0.5000    0.0008   -0.0006   -1.0000    0.5000   -0.0008    0.0006    1.0000   -0.1000    0.0004   -0.0001   -0.1000    0.1000   -0.0004    0.0001    0.1000    3   -0.2157    0.0012    0.0012    0.0006    0.0006
    0.0010   -0.5000    0.0015   -0.0010   -1.0000    0.5000   -0.0015    0.0010    1.0000   -0.1000    0.0008   -0.0001   -0.1000    0.1000   -0.0008    0.0001    0.1000    4   -0.2157    0.0021    0.0021    0.0010    0.0010
    0.0014   -0.5000    0.0020   -0.0014   -1.0000    0.5000   -0.0020    0.0014    1.0000   -0.1000    0.0011   -0.0001   -0.1000    0.1000   -0.0011    0.0001    0.1000    5   -0.2157    0.0028    0.0028    0.0014    0.0014
    0.0019   -0.5000    0.0027   -0.0019   -1.0000    0.5000   -0.0027    0.0019    1.0000   -0.1000    0.0015   -0.0002   -0.1000    0.1000   -0.0015    0.0002    0.1000    6   -0.2157    0.0039    0.0039    0.0019    0.0019
    0.0027   -0.5000    0.0037   -0.0027   -1.0000    0.5000   -0.0037    0.0027    1.0000   -0.1000    0.0020   -0.0003   -0.1000    0.1000   -0.0020    0.0003    0.1000    7   -0.2157    0.0053    0.0053    0.0027    0.0027
    0.0037   -0.5000    0.0052   -0.0037   -1.0000    0.5000   -0.0052    0.0037    1.0000   -0.1000    0.0028   -0.0004   -0.1000    0.1000   -0.0028    0.0004    0.1000    8   -0.2157    0.0074    0.0074    0.0037    0.0037
    0.0052   -0.5000    0.0072   -0.0052   -1.0000    0.5000   -0.0072    0.0052    1.0000   -0.1000    0.0039   -0.0005   -0.1000    0.1000   -0.0039    0.0005    0.1000    9   -0.2157    0.0103    0.0103    0.0052    0.0052
    0.0069   -0.5000    0.0097   -0.0069   -0.9999    0.5000   -0.0097    0.0069    0.9999   -0.1000    0.0053   -0.0007   -0.1000    0.1000   -0.0053    0.0007    0.1000   10   -0.2157    0.0138    0.0138    0.0069    0.0069
    0.0090   -0.4999    0.0127   -0.0090   -0.9999    0.4999   -0.0127    0.0090    0.9999   -0.1000    0.0069   -0.0009   -0.1001    0.1000   -0.0069    0.0009    0.1001   11   -0.2157    0.0181    0.0181    0.0091    0.0091
    0.0117   -0.4999    0.0165   -0.0117   -0.9998    0.4999   -0.0165    0.0117    0.9998   -0.0999    0.0090   -0.0012   -0.1001    0.0999   -0.0090    0.0012    0.1001   12   -0.2157    0.0235    0.0235    0.0118    0.0118
    0.0154   -0.4998    0.0215   -0.0154   -0.9997    0.4998   -0.0215    0.0154    0.9997   -0.0999    0.0118   -0.0015   -0.1002    0.0999   -0.0118    0.0015    0.1002   13   -0.2157    0.0307    0.0307    0.0154    0.0154
    0.0198   -0.4997    0.0277   -0.0198   -0.9994    0.4997   -0.0277    0.0198    0.9994   -0.0999    0.0152   -0.0020   -0.1004    0.0999   -0.0152    0.0020    0.1004   14   -0.2157    0.0396    0.0396    0.0198    0.0198
    0.0265   -0.4995    0.0371   -0.0265   -0.9990    0.4995   -0.0371    0.0265    0.9990   -0.0997    0.0204   -0.0027   -0.1007    0.0997   -0.0204    0.0027    0.1007   15   -0.2157    0.0530    0.0530    0.0266    0.0266
    0.0365   -0.4991    0.0511   -0.0365   -0.9981    0.4991   -0.0511    0.0365    0.9981   -0.0995    0.0284   -0.0037   -0.1013    0.0995   -0.0284    0.0037    0.1013   16   -0.2157    0.0729    0.0729    0.0368    0.0368
    0.0489   -0.4983    0.0684   -0.0488   -0.9965    0.4983   -0.0684    0.0488    0.9965   -0.0991    0.0386   -0.0049   -0.1023    0.0991   -0.0386    0.0049    0.1023   17   -0.2157    0.0977    0.0977    0.0497    0.0497
    0.0621   -0.4973    0.0867   -0.0620   -0.9944    0.4973   -0.0867    0.0620    0.9944   -0.0985    0.0500   -0.0063   -0.1035    0.0985   -0.0500    0.0063    0.1035   18   -0.2157    0.1240    0.1240    0.0637    0.0637
    0.0814   -0.4954    0.1131   -0.0811   -0.9905    0.4954   -0.1131    0.0811    0.9905   -0.0974    0.0680   -0.0083   -0.1057    0.0974   -0.0680    0.0083    0.1057   19   -0.2157    0.1623    0.1623    0.0851    0.0851
    0.1033   -0.4926    0.1429   -0.1028   -0.9847    0.4926   -0.1429    0.1028    0.9847   -0.0956    0.0910   -0.0107   -0.1084    0.0956   -0.0910    0.0107    0.1084   20   -0.2157    0.2057    0.2057    0.1109    0.1109
    0.1270   -0.4888    0.1744   -0.1260   -0.9772    0.4888   -0.1744    0.1260    0.9772   -0.0931    0.1197   -0.0132   -0.1109    0.0931   -0.1197    0.0132    0.1109   21   -0.2157    0.2523    0.2523    0.1413    0.1413
    0.1514   -0.4842    0.2060   -0.1498   -0.9679    0.4842   -0.2060    0.1498    0.9679   -0.0898    0.1548   -0.0160   -0.1122    0.0898   -0.1548    0.0160    0.1122   22   -0.2157    0.3000    0.3000    0.1760    0.1760
    0.1750   -0.4790    0.2358   -0.1725   -0.9577    0.4790   -0.2358    0.1725    0.9577   -0.0857    0.1956   -0.0186   -0.1110    0.0857   -0.1956    0.0186    0.1110   23   -0.2157    0.3456    0.3456    0.2139    0.2139
    0.1949   -0.4740    0.2602   -0.1915   -0.9482    0.4740   -0.2602    0.1915    0.9482   -0.0814    0.2369   -0.0208   -0.1070    0.0814   -0.2369    0.0208    0.1070   24   -0.2157    0.3839    0.3839    0.2501    0.2501
    0.2122   -0.4693    0.2808   -0.2077   -0.9393    0.4693   -0.2808    0.2077    0.9393   -0.0769    0.2790   -0.0226   -0.1001    0.0769   -0.2790    0.0226    0.1001   25   -0.2157    0.4167    0.4167    0.2855    0.2855
    0.2271   -0.4650    0.2981   -0.2217   -0.9313    0.4650   -0.2981    0.2217    0.9313   -0.0725    0.3213   -0.0240   -0.0906    0.0725   -0.3213    0.0240    0.0906   26   -0.2157    0.4448    0.4448    0.3198    0.3198
    0.2400   -0.4611    0.3127   -0.2336   -0.9240    0.4611   -0.3127    0.2336    0.9240   -0.0681    0.3637   -0.0251   -0.0786    0.0681   -0.3637    0.0251    0.0786   27   -0.2157    0.4690    0.4690    0.3534    0.3534
    0.2511   -0.4575    0.3251   -0.2439   -0.9175    0.4575   -0.3251    0.2439    0.9175   -0.0638    0.4056   -0.0259   -0.0645    0.0638   -0.4056    0.0259    0.0645   28   -0.2157    0.4898    0.4898    0.3858    0.3858
    0.2606   -0.4544    0.3355   -0.2526   -0.9118    0.4544   -0.3355    0.2526    0.9118   -0.0597    0.4463   -0.0264   -0.0487    0.0597   -0.4463    0.0264    0.0487   29   -0.2157    0.5074    0.5074    0.4169    0.4169
    0.2689   -0.4516    0.3443   -0.2601   -0.9067    0.4516   -0.3443    0.2601    0.9067   -0.0559    0.4861   -0.0268   -0.0315    0.0559   -0.4861    0.0268    0.0315   30   -0.2157    0.5226    0.5226    0.4469    0.4469
    0.2758   -0.4492    0.3516   -0.2663   -0.9025    0.4492   -0.3516    0.2663    0.9025   -0.0524    0.5231   -0.0269   -0.0138    0.0524   -0.5231    0.0269    0.0138   31   -0.2157    0.5352    0.5352    0.4747    0.4747
    0.2814   -0.4472    0.3575   -0.2714   -0.8989    0.4472   -0.3575    0.2714    0.8989   -0.0494    0.5568   -0.0270    0.0036    0.0494   -0.5568    0.0270   -0.0036   32   -0.2157    0.5455    0.5455    0.5000    0.5000
    0.2860   -0.4455    0.3623   -0.2756   -0.8960    0.4455   -0.3623    0.2756    0.8960   -0.0467    0.5869   -0.0269    0.0203    0.0467   -0.5869    0.0269   -0.0203   33   -0.2157    0.5539    0.5539    0.5225    0.5225
    0.2907   -0.4438    0.3670   -0.2798   -0.8930    0.4438   -0.3670    0.2798    0.8930   -0.0439    0.6203   -0.0268    0.0399    0.0439   -0.6203    0.0268   -0.0399   34   -0.2157    0.5624    0.5624    0.5476    0.5476
    0.2956   -0.4420    0.3720   -0.2841   -0.8899    0.4420   -0.3720    0.2841    0.8899   -0.0408    0.6584   -0.0265    0.0639    0.0408   -0.6584    0.0265   -0.0639   35   -0.2157    0.5712    0.5712    0.5764    0.5764
    0.3004   -0.4402    0.3768   -0.2884   -0.8868    0.4402   -0.3768    0.2884    0.8868   -0.0375    0.7009   -0.0261    0.0926    0.0375   -0.7009    0.0261   -0.0926   36   -0.2157    0.5800    0.5800    0.6088    0.6088
    0.3052   -0.4384    0.3815   -0.2926   -0.8836    0.4384   -0.3815    0.2926    0.8836   -0.0340    0.7481   -0.0256    0.1270    0.0340   -0.7481    0.0256   -0.1270   37   -0.2157    0.5886    0.5886    0.6452    0.6452
    0.3097   -0.4367    0.3859   -0.2966   -0.8807    0.4367   -0.3859    0.2966    0.8807   -0.0306    0.7984   -0.0250    0.1669    0.0306   -0.7984    0.0250   -0.1669   38   -0.2157    0.5966    0.5966    0.6848    0.6848
    0.3138   -0.4351    0.3900   -0.3002   -0.8779    0.4351   -0.3900    0.3002    0.8779   -0.0271    0.8515   -0.0242    0.2126    0.0271   -0.8515    0.0242   -0.2126   39   -0.2157    0.6041    0.6041    0.7276    0.7276
    0.3176   -0.4336    0.3936   -0.3036   -0.8754    0.4336   -0.3936    0.3036    0.8754   -0.0238    0.9073   -0.0233    0.2652    0.0238   -0.9073    0.0233   -0.2652   40   -0.2157    0.6108    0.6108    0.7741    0.7741
    0.3207   -0.4324    0.3966   -0.3063   -0.8733    0.4324   -0.3966    0.3063    0.8733   -0.0209    0.9589   -0.0224    0.3185    0.0209   -0.9589    0.0224   -0.3185   41   -0.2157    0.6163    0.6163    0.8188    0.8188
    0.3235   -0.4313    0.3992   -0.3087   -0.8714    0.4313   -0.3992    0.3087    0.8714   -0.0182    1.0116   -0.0214    0.3781    0.0182   -1.0116    0.0214   -0.3781   42   -0.2157    0.6213    0.6213    0.8664    0.8664
    0.3260   -0.4302    0.4016   -0.3109   -0.8697    0.4302   -0.4016    0.3109    0.8697   -0.0156    1.0653   -0.0204    0.4452    0.0156   -1.0653    0.0204   -0.4452   43   -0.2157    0.6257    0.6257    0.9177    0.9177
    0.3282   -0.4294    0.4037   -0.3128   -0.8682    0.4294   -0.4037    0.3128    0.8682   -0.0132    1.1189   -0.0193    0.5200    0.0132   -1.1189    0.0193   -0.5200   44   -0.2157    0.6296    0.6296    0.9724    0.9724
    0.3303   -0.4285    0.4055   -0.3146   -0.8669    0.4285   -0.4055    0.3146    0.8669   -0.0108    1.1734   -0.0182    0.6059    0.0108   -1.1734    0.0182   -0.6059   45   -0.2157    0.6332    0.6332    1.0328    1.0328
    0.3323   -0.4277    0.4074   -0.3163   -0.8655    0.4277   -0.4074    0.3163    0.8655   -0.0084    1.2342   -0.0168    0.7177    0.0084   -1.2342    0.0168   -0.7177   46   -0.2157    0.6368    0.6368    1.1082    1.1082
    0.3337   -0.4271    0.4088   -0.3176   -0.8645    0.4271   -0.4088    0.3176    0.8645   -0.0066    1.2810   -0.0157    0.8205    0.0066   -1.2810    0.0157   -0.8205   47   -0.2157    0.6394    0.6394    1.1749    1.1749
    0.3350   -0.4266    0.4099   -0.3187   -0.8636    0.4266   -0.4099    0.3187    0.8636   -0.0049    1.3225   -0.0146    0.9310    0.0049   -1.3225    0.0146   -0.9310   48   -0.2157    0.6416    0.6416    1.2447    1.2447
    0.3360   -0.4262    0.4109   -0.3196   -0.8629    0.4262   -0.4109    0.3196    0.8629   -0.0035    1.3572   -0.0136    1.0476    0.0035   -1.3572    0.0136   -1.0476   49   -0.2157    0.6434    0.6434    1.3165    1.3165
    0.3369   -0.4258    0.4117   -0.3203   -0.8623    0.4258   -0.4117    0.3203    0.8623   -0.0023    1.3831   -0.0126    1.1647    0.0023   -1.3831    0.0126   -1.1647   50   -0.2157    0.6449    0.6449    1.3873    1.3873
    0.3376   -0.4255    0.4123   -0.3209   -0.8618    0.4255   -0.4123    0.3209    0.8618   -0.0013    1.4004   -0.0118    1.2810    0.0013   -1.4004    0.0118   -1.2810   51   -0.2157    0.6462    0.6462    1.4567    1.4567
    0.3382   -0.4253    0.4129   -0.3214   -0.8614    0.4253   -0.4129    0.3214    0.8614   -0.0005    1.4095   -0.0110    1.3940    0.0005   -1.4095    0.0110   -1.3940   52   -0.2157    0.6472    0.6472    1.5235    1.5235
    0.3387   -0.4251    0.4133   -0.3219   -0.8611    0.4251   -0.4133    0.3219    0.8611    0.0002    1.4112   -0.0103    1.4992   -0.0002   -1.4112    0.0103   -1.4992   53   -0.2157    0.6481    0.6481   -1.5560   -1.5560
    0.3391   -0.4249    0.4137   -0.3222   -0.8608    0.4249   -0.4137    0.3222    0.8608    0.0007    1.4067   -0.0097    1.5991   -0.0007   -1.4067    0.0097   -1.5991   54   -0.2157    0.6488    0.6488   -1.4971   -1.4971
    0.3395   -0.4248    0.4140   -0.3225   -0.8605    0.4248   -0.4140    0.3225    0.8605    0.0013    1.3948   -0.0090    1.7098   -0.0013   -1.3948    0.0090   -1.7098   55   -0.2157    0.6495    0.6495   -1.4314   -1.4314
    0.3399   -0.4246    0.4144   -0.3229   -0.8603    0.4246   -0.4144    0.3229    0.8603    0.0018    1.3716   -0.0083    1.8387   -0.0018   -1.3716    0.0083   -1.8387   56   -0.2157    0.6502    0.6502   -1.3542   -1.3542
    0.3403   -0.4244    0.4148   -0.3232   -0.8600    0.4244   -0.4148    0.3232    0.8600    0.0024    1.3314   -0.0075    1.9882   -0.0024   -1.3314    0.0075   -1.9882   57   -0.2157    0.6509    0.6509   -1.2629   -1.2629
    0.3407   -0.4242    0.4152   -0.3236   -0.8597    0.4242   -0.4152    0.3236    0.8597    0.0029    1.2673   -0.0066    2.1578   -0.0029   -1.2673    0.0066   -2.1578   58   -0.2157    0.6516    0.6516   -1.1559   -1.1559
    0.3411   -0.4241    0.4155   -0.3240   -0.8594    0.4241   -0.4155    0.3240    0.8594    0.0034    1.1695   -0.0057    2.3468   -0.0034   -1.1695    0.0057   -2.3468   59   -0.2157    0.6524    0.6524   -1.0304   -1.0304
    0.3415   -0.4239    0.4158   -0.3242   -0.8592    0.4239   -0.4158    0.3242    0.8592    0.0038    1.0521   -0.0049    2.5178   -0.0038   -1.0521    0.0049   -2.5178   60   -0.2157    0.6530    0.6530   -0.9080   -0.9080
    0.3418   -0.4238    0.4161   -0.3245   -0.8590    0.4238   -0.4161    0.3245    0.8590    0.0041    0.9210   -0.0041    2.6669   -0.0041   -0.9210    0.0041   -2.6669   61   -0.2157    0.6535    0.6535   -0.7909   -0.7909
    0.3420   -0.4237    0.4163   -0.3247   -0.8588    0.4237   -0.4163    0.3247    0.8588    0.0043    0.7688   -0.0034    2.8033   -0.0043   -0.7688    0.0034   -2.8033   62   -0.2157    0.6539    0.6539   -0.6704   -0.6704
    0.3423   -0.4236    0.4166   -0.3249   -0.8586    0.4236   -0.4166    0.3249    0.8586    0.0045    0.5787   -0.0027    2.9340   -0.0045   -0.5787    0.0027   -2.9340   63   -0.2157    0.6544    0.6544   -0.5343   -0.5343
    0.3425   -0.4235    0.4168   -0.3252   -0.8584    0.4235   -0.4168    0.3252    0.8584    0.0046    0.3694   -0.0019    3.0390   -0.0046   -0.3694    0.0019   -3.0390   64   -0.2157    0.6548    0.6548   -0.3961   -0.3961
    0.3428   -0.4234    0.4170   -0.3254   -0.8583    0.4234   -0.4170    0.3254    0.8583    0.0047    0.1337   -0.0012    3.1179   -0.0047   -0.1337    0.0012   -3.1179   65   -0.2157    0.6552    0.6552   -0.2494   -0.2494
    0.3432   -0.4232    0.4174   -0.3257   -0.8580    0.4232   -0.4174    0.3257    0.8580    0.0047   -0.2803   -0.0000    3.1704   -0.0047    0.2803    0.0000   -3.1704   66   -0.2157    0.6559    0.6559   -0.0028   -0.0028
    0.3435   -0.4231    0.4177   -0.3260   -0.8578    0.4231   -0.4177    0.3260    0.8578    0.0045   -0.6729    0.0011    3.1255   -0.0045    0.6729   -0.0011   -3.1255   67   -0.2157    0.6565    0.6565    0.2307    0.2307
    0.3439   -0.4229    0.4180   -0.3263   -0.8575    0.4229   -0.4180    0.3263    0.8575    0.0042   -1.0809    0.0022    2.9721   -0.0042    1.0809   -0.0022   -2.9721   68   -0.2157    0.6571    0.6571    0.4885    0.4885
    0.3441   -0.4228    0.4182   -0.3265   -0.8573    0.4228   -0.4182    0.3265    0.8573    0.0039   -1.2996    0.0029    2.8335   -0.0039    1.2996   -0.0029   -2.8335   69   -0.2157    0.6575    0.6575    0.6412    0.6412
    0.3444   -0.4227    0.4185   -0.3267   -0.8571    0.4227   -0.4185    0.3267    0.8571    0.0035   -1.5124    0.0037    2.6449   -0.0035    1.5124   -0.0037   -2.6449   70   -0.2157    0.6580    0.6580    0.8091    0.8091
    0.3447   -0.4226    0.4187   -0.3270   -0.8569    0.4226   -0.4187    0.3270    0.8569    0.0030   -1.6769    0.0044    2.4435   -0.0030    1.6769   -0.0044   -2.4435   71   -0.2157    0.6585    0.6585    0.9626    0.9626
    0.3449   -0.4225    0.4190   -0.3272   -0.8568    0.4225   -0.4190    0.3272    0.8568    0.0026   -1.7954    0.0050    2.2459   -0.0026    1.7954   -0.0050   -2.2459   72   -0.2157    0.6590    0.6590    1.0985    1.0985
    0.3452   -0.4224    0.4192   -0.3275   -0.8565    0.4224   -0.4192    0.3275    0.8565    0.0020   -1.8815    0.0056    2.0471   -0.0020    1.8815   -0.0056   -2.0471   73   -0.2157    0.6595    0.6595    1.2263    1.2263
    0.3455   -0.4222    0.4195   -0.3277   -0.8563    0.4222   -0.4195    0.3277    0.8563    0.0014   -1.9393    0.0063    1.8482   -0.0014    1.9393   -0.0063   -1.8482   74   -0.2157    0.6601    0.6601    1.3485    1.3485
    0.3459   -0.4221    0.4198   -0.3280   -0.8561    0.4221   -0.4198    0.3280    0.8561    0.0008   -1.9709    0.0068    1.6594   -0.0008    1.9709   -0.0068   -1.6594   75   -0.2157    0.6607    0.6607    1.4615    1.4615
    0.3462   -0.4219    0.4201   -0.3283   -0.8559    0.4219   -0.4201    0.3283    0.8559    0.0001   -1.9808    0.0074    1.4998   -0.0001    1.9808   -0.0074   -1.4998   76   -0.2157    0.6612    0.6612    1.5558    1.5558
    0.3465   -0.4218    0.4204   -0.3286   -0.8557    0.4218   -0.4204    0.3286    0.8557   -0.0005   -1.9776    0.0078    1.3666    0.0005    1.9776   -0.0078   -1.3666   77   -0.2157    0.6618    0.6618   -1.5073   -1.5073
    0.3468   -0.4217    0.4206   -0.3288   -0.8555    0.4217   -0.4206    0.3288    0.8555   -0.0010   -1.9673    0.0082    1.2595    0.0010    1.9673   -0.0082   -1.2595   78   -0.2157    0.6622    0.6622   -1.4438   -1.4438
    0.3471   -0.4216    0.4209   -0.3291   -0.8552    0.4216   -0.4209    0.3291    0.8552   -0.0016   -1.9508    0.0085    1.1558    0.0016    1.9508   -0.0085   -1.1558   79   -0.2157    0.6628    0.6628   -1.3819   -1.3819
    0.3474   -0.4214    0.4212   -0.3294   -0.8550    0.4214   -0.4212    0.3294    0.8550   -0.0023   -1.9265    0.0089    1.0480    0.0023    1.9265   -0.0089   -1.0480   80   -0.2157    0.6634    0.6634   -1.3168   -1.3168
    0.3479   -0.4213    0.4216   -0.3297   -0.8547    0.4213   -0.4216    0.3297    0.8547   -0.0031   -1.8938    0.0093    0.9379    0.0031    1.8938   -0.0093   -0.9379   81   -0.2157    0.6641    0.6641   -1.2490   -1.2490
    0.3483   -0.4210    0.4220   -0.3301   -0.8544    0.4210   -0.4220    0.3301    0.8544   -0.0040   -1.8532    0.0097    0.8286    0.0040    1.8532   -0.0097   -0.8286   82   -0.2157    0.6649    0.6649   -1.1803   -1.1803
    0.3489   -0.4208    0.4225   -0.3306   -0.8540    0.4208   -0.4225    0.3306    0.8540   -0.0050   -1.8044    0.0102    0.7211    0.0050    1.8044   -0.0102   -0.7211   83   -0.2157    0.6659    0.6659   -1.1107   -1.1107
    0.3496   -0.4205    0.4231   -0.3312   -0.8535    0.4205   -0.4231    0.3312    0.8535   -0.0062   -1.7485    0.0106    0.6175    0.0062    1.7485   -0.0106   -0.6175   84   -0.2157    0.6671    0.6671   -1.0413   -1.0413
    0.3503   -0.4202    0.4238   -0.3318   -0.8530    0.4202   -0.4238    0.3318    0.8530   -0.0075   -1.6859    0.0111    0.5185    0.0075    1.6859   -0.0111   -0.5185   85   -0.2157    0.6684    0.6684   -0.9723   -0.9723
    0.3512   -0.4198    0.4246   -0.3326   -0.8523    0.4198   -0.4246    0.3326    0.8523   -0.0090   -1.6171    0.0115    0.4247    0.0090    1.6171   -0.0115   -0.4247   86   -0.2157    0.6700    0.6700   -0.9038   -0.9038
    0.3523   -0.4194    0.4256   -0.3335   -0.8516    0.4194   -0.4256    0.3335    0.8516   -0.0107   -1.5435    0.0119    0.3375    0.0107    1.5435   -0.0119   -0.3375   87   -0.2157    0.6719    0.6719   -0.8366   -0.8366
    0.3535   -0.4189    0.4266   -0.3345   -0.8508    0.4189   -0.4266    0.3345    0.8508   -0.0124   -1.4732    0.0122    0.2640    0.0124    1.4732   -0.0122   -0.2640   88   -0.2157    0.6738    0.6738   -0.7767   -0.7767
    0.3546   -0.4184    0.4276   -0.3355   -0.8499    0.4184   -0.4276    0.3355    0.8499   -0.0142   -1.4070    0.0125    0.2023    0.0142    1.4070   -0.0125   -0.2023   89   -0.2157    0.6759    0.6759   -0.7234   -0.7234
    0.3559   -0.4178    0.4287   -0.3366   -0.8490    0.4178   -0.4287    0.3366    0.8490   -0.0159   -1.3445    0.0127    0.1496    0.0159    1.3445   -0.0127   -0.1496   90   -0.2157    0.6781    0.6781   -0.6753   -0.6753
    0.3572   -0.4173    0.4299   -0.3377   -0.8481    0.4173   -0.4299    0.3377    0.8481   -0.0176   -1.2852    0.0129    0.1041    0.0176    1.2852   -0.0129   -0.1041   91   -0.2157    0.6804    0.6804   -0.6313   -0.6313
    0.3586   -0.4167    0.4311   -0.3389   -0.8471    0.4167   -0.4311    0.3389    0.8471   -0.0194   -1.2292    0.0130    0.0646    0.0194    1.2292   -0.0130   -0.0646   92   -0.2157    0.6828    0.6828   -0.5910   -0.5910
    0.3601   -0.4160    0.4324   -0.3401   -0.8461    0.4160   -0.4324    0.3401    0.8461   -0.0211   -1.1769    0.0131    0.0306    0.0211    1.1769   -0.0131   -0.0306   93   -0.2157    0.6853    0.6853   -0.5543   -0.5543
    0.3616   -0.4154    0.4337   -0.3414   -0.8450    0.4154   -0.4337    0.3414    0.8450   -0.0229   -1.1279    0.0131    0.0011    0.0229    1.1279   -0.0131   -0.0011   94   -0.2157    0.6879    0.6879   -0.5206   -0.5206
    0.3631   -0.4147    0.4349   -0.3426   -0.8440    0.4147   -0.4349    0.3426    0.8440   -0.0245   -1.0837    0.0131   -0.0236    0.0245    1.0837   -0.0131    0.0236   95   -0.2157    0.6905    0.6905   -0.4908   -0.4908
    0.3644   -0.4142    0.4361   -0.3438   -0.8430    0.4142   -0.4361    0.3438    0.8430   -0.0259   -1.0467    0.0130   -0.0431    0.0259    1.0467   -0.0130    0.0431   96   -0.2157    0.6928    0.6928   -0.4662   -0.4662
    0.3659   -0.4135    0.4374   -0.3450   -0.8419    0.4135   -0.4374    0.3450    0.8419   -0.0275   -1.0081    0.0130   -0.0623    0.0275    1.0081   -0.0130    0.0623   97   -0.2157    0.6954    0.6954   -0.4408   -0.4408
    0.3677   -0.4127    0.4389   -0.3465   -0.8406    0.4127   -0.4389    0.3465    0.8406   -0.0292   -0.9663    0.0128   -0.0817    0.0292    0.9663   -0.0128    0.0817   98   -0.2157    0.6984    0.6984   -0.4136   -0.4136
    0.3698   -0.4118    0.4407   -0.3483   -0.8391    0.4118   -0.4407    0.3483    0.8391   -0.0312   -0.9213    0.0126   -0.1013    0.0312    0.9213   -0.0126    0.1013   99   -0.2157    0.7021    0.7021   -0.3846   -0.3846
    0.3723   -0.4107    0.4428   -0.3504   -0.8373    0.4107   -0.4428    0.3504    0.8373   -0.0335   -0.8728    0.0124   -0.1208    0.0335    0.8728   -0.0124    0.1208  100   -0.2157    0.7064    0.7064   -0.3538   -0.3538
    0.3752   -0.4094    0.4452   -0.3528   -0.8352    0.4094   -0.4452    0.3528    0.8352   -0.0359   -0.8231    0.0120   -0.1392    0.0359    0.8231   -0.0120    0.1392  101   -0.2157    0.7112    0.7112   -0.3224   -0.3224
    0.3785   -0.4079    0.4480   -0.3555   -0.8328    0.4079   -0.4480    0.3555    0.8328   -0.0385   -0.7716    0.0115   -0.1566    0.0385    0.7716   -0.0115    0.1566  102   -0.2157    0.7169    0.7169   -0.2901   -0.2901
    0.3823   -0.4062    0.4512   -0.3587   -0.8300    0.4062   -0.4512    0.3587    0.8300   -0.0414   -0.7186    0.0109   -0.1729    0.0414    0.7186   -0.0109    0.1729  103   -0.2157    0.7234    0.7234   -0.2570   -0.2570
    0.3866   -0.4043    0.4547   -0.3623   -0.8268    0.4043   -0.4547    0.3623    0.8268   -0.0444   -0.6646    0.0101   -0.1879    0.0444    0.6646   -0.0101    0.1879  104   -0.2157    0.7308    0.7308   -0.2235   -0.2235
    0.3917   -0.4020    0.4588   -0.3665   -0.8230    0.4020   -0.4588    0.3665    0.8230   -0.0476   -0.6092    0.0091   -0.2016    0.0476    0.6092   -0.0091    0.2016  105   -0.2157    0.7393    0.7393   -0.1890   -0.1890
    0.3975   -0.3993    0.4635   -0.3712   -0.8187    0.3993   -0.4635    0.3712    0.8187   -0.0509   -0.5527    0.0079   -0.2140    0.0509    0.5527   -0.0079    0.2140  106   -0.2157    0.7490    0.7490   -0.1538   -0.1538
    0.4039   -0.3963    0.4686   -0.3765   -0.8138    0.3963   -0.4686    0.3765    0.8138   -0.0543   -0.4968    0.0065   -0.2248    0.0543    0.4968   -0.0065    0.2248  107   -0.2157    0.7598    0.7598   -0.1186   -0.1186
    0.4110   -0.3930    0.4740   -0.3822   -0.8085    0.3930   -0.4740    0.3822    0.8085   -0.0576   -0.4426    0.0049   -0.2339    0.0576    0.4426   -0.0049    0.2339  108   -0.2157    0.7715    0.7715   -0.0842   -0.0842
    0.4185   -0.3894    0.4798   -0.3883   -0.8027    0.3894   -0.4798    0.3883    0.8027   -0.0608   -0.3902    0.0031   -0.2415    0.0608    0.3902   -0.0031    0.2415  109   -0.2157    0.7840    0.7840   -0.0505   -0.0505
    0.4265   -0.3855    0.4857   -0.3946   -0.7965    0.3855   -0.4857    0.3946    0.7965   -0.0637   -0.3402    0.0011   -0.2476    0.0637    0.3402   -0.0011    0.2476  110   -0.2157    0.7971    0.7971   -0.0177   -0.0177
    0.4345   -0.3816    0.4916   -0.4010   -0.7902    0.3816   -0.4916    0.4010    0.7902   -0.0662   -0.2938   -0.0009   -0.2524    0.0662    0.2938    0.0009    0.2524  111   -0.2157    0.8103    0.8103    0.0135    0.0135
    0.4424   -0.3777    0.4973   -0.4072   -0.7841    0.3777   -0.4973    0.4072    0.7841   -0.0684   -0.2518   -0.0029   -0.2559    0.0684    0.2518    0.0029    0.2559  112   -0.2157    0.8230    0.8230    0.0422    0.0422
    0.4504   -0.3737    0.5029   -0.4135   -0.7777    0.3737   -0.5029    0.4135    0.7777   -0.0702   -0.2117   -0.0050   -0.2586    0.0702    0.2117    0.0050    0.2586  113   -0.2157    0.8359    0.8359    0.0704    0.0704
    0.4597   -0.3690    0.5093   -0.4207   -0.7703    0.3690   -0.5093    0.4207    0.7703   -0.0720   -0.1677   -0.0074   -0.2606    0.0720    0.1677    0.0074    0.2606  114   -0.2157    0.8509    0.8509    0.1022    0.1022
    0.4708   -0.3633    0.5167   -0.4292   -0.7615    0.3633   -0.5167    0.4292    0.7615   -0.0736   -0.1188   -0.0103   -0.2616    0.0736    0.1188    0.0103    0.2616  115   -0.2157    0.8683    0.8683    0.1386    0.1386
    0.4836   -0.3566    0.5250   -0.4388   -0.7512    0.3566   -0.5250    0.4388    0.7512   -0.0747   -0.0652   -0.0136   -0.2612    0.0747    0.0652    0.0136    0.2612  116   -0.2157    0.8884    0.8884    0.1801    0.1801
    0.4977   -0.3492    0.5338   -0.4494   -0.7397    0.3492   -0.5338    0.4494    0.7397   -0.0753   -0.0089   -0.0173   -0.2587    0.0753    0.0089    0.0173    0.2587  117   -0.2157    0.9102    0.9102    0.2256    0.2256
    0.5109   -0.3420    0.5417   -0.4591   -0.7289    0.3420   -0.5417    0.4591    0.7289   -0.0750    0.0422   -0.0207   -0.2543    0.0750   -0.0422    0.0207    0.2543  118   -0.2157    0.9305    0.9305    0.2689    0.2689
    0.5230   -0.3354    0.5487   -0.4678   -0.7190    0.3354   -0.5487    0.4678    0.7190   -0.0743    0.0878   -0.0237   -0.2485    0.0743   -0.0878    0.0237    0.2485  119   -0.2157    0.9487    0.9487    0.3092    0.3092
    0.5366   -0.3279    0.5562   -0.4775   -0.7079    0.3279   -0.5562    0.4775    0.7079   -0.0727    0.1385   -0.0270   -0.2394    0.0727   -0.1385    0.0270    0.2394  120   -0.2157    0.9690    0.9690    0.3560    0.3560
    0.5511   -0.3198    0.5640   -0.4877   -0.6960    0.3198   -0.5640    0.4877    0.6960   -0.0703    0.1926   -0.0304   -0.2265    0.0703   -0.1926    0.0304    0.2265  121   -0.2157    0.9904    0.9904    0.4084    0.4084
    0.5667   -0.3109    0.5719   -0.4985   -0.6832    0.3109   -0.5719    0.4985    0.6832   -0.0669    0.2514   -0.0338   -0.2080    0.0669   -0.2514    0.0338    0.2080  122   -0.2157    1.0131    1.0131    0.4683    0.4683
    0.5838   -0.3011    0.5801   -0.5100   -0.6692    0.3011   -0.5801    0.5100    0.6692   -0.0620    0.3174   -0.0371   -0.1809    0.0620   -0.3174    0.0371    0.1809  123   -0.2157    1.0374    1.0374    0.5397    0.5397
    0.5996   -0.2919    0.5874   -0.5205   -0.6563    0.2919   -0.5874    0.5205    0.6563   -0.0565    0.3810   -0.0398   -0.1475    0.0565   -0.3810    0.0398    0.1475  124   -0.2157    1.0597    1.0597    0.6131    0.6131
    0.6123   -0.2844    0.5929   -0.5288   -0.6460    0.2844   -0.5929    0.5288    0.6460   -0.0513    0.4345   -0.0414   -0.1130    0.0513   -0.4345    0.0414    0.1130  125   -0.2157    1.0773    1.0773    0.6790    0.6790
    0.6236   -0.2777    0.5977   -0.5360   -0.6368    0.2777   -0.5977    0.5360    0.6368   -0.0461    0.4845   -0.0425   -0.0745    0.0461   -0.4845    0.0425    0.0745  126   -0.2157    1.0928    1.0928    0.7444    0.7444
    0.6335   -0.2717    0.6017   -0.5423   -0.6289    0.2717   -0.6017    0.5423    0.6289   -0.0411    0.5301   -0.0430   -0.0333    0.0411   -0.5301    0.0430    0.0333  127   -0.2157    1.1063    1.1063    0.8082    0.8082
    0.6419   -0.2666    0.6050   -0.5476   -0.6221    0.2666   -0.6050    0.5476    0.6221   -0.0364    0.5709   -0.0431    0.0095    0.0364   -0.5709    0.0431   -0.0095  128   -0.2157    1.1177    1.1177    0.8693    0.8693
    0.6493   -0.2622    0.6078   -0.5521   -0.6162    0.2622   -0.6078    0.5521    0.6162   -0.0321    0.6075   -0.0429    0.0536    0.0321   -0.6075    0.0429   -0.0536  129   -0.2157    1.1275    1.1275    0.9283    0.9283
    0.6564   -0.2579    0.6104   -0.5565   -0.6105    0.2579   -0.6104    0.5565    0.6105   -0.0277    0.6438   -0.0424    0.1040    0.0277   -0.6438    0.0424   -0.1040  130   -0.2157    1.1369    1.1369    0.9918    0.9918
    0.6638   -0.2533    0.6131   -0.5610   -0.6047    0.2533   -0.6131    0.5610    0.6047   -0.0228    0.6826   -0.0414    0.1676    0.0228   -0.6826    0.0414   -0.1676  131   -0.2157    1.1466    1.1466    1.0676    1.0676
    0.6709   -0.2489    0.6156   -0.5653   -0.5990    0.2489   -0.6156    0.5653    0.5990   -0.0178    0.7200   -0.0399    0.2423    0.0178   -0.7200    0.0399   -0.2423  132   -0.2157    1.1560    1.1560    1.1519    1.1519
    0.6769   -0.2452    0.6177   -0.5688   -0.5943    0.2452   -0.6177    0.5688    0.5943   -0.0134    0.7502   -0.0382    0.3189    0.0134   -0.7502    0.0382   -0.3189  133   -0.2157    1.1637    1.1637    1.2345    1.2345
    0.6820   -0.2421    0.6194   -0.5718   -0.5904    0.2421   -0.6194    0.5718    0.5904   -0.0095    0.7737   -0.0364    0.3969    0.0095   -0.7737    0.0364   -0.3969  134   -0.2157    1.1703    1.1703    1.3157    1.3157
    0.6863   -0.2394    0.6208   -0.5744   -0.5870    0.2394   -0.6208    0.5744    0.5870   -0.0061    0.7905   -0.0345    0.4752    0.0061   -0.7905    0.0345   -0.4752  135   -0.2157    1.1758    1.1758    1.3951    1.3951
    0.6899   -0.2372    0.6220   -0.5765   -0.5842    0.2372   -0.6220    0.5765    0.5842   -0.0033    0.8007   -0.0327    0.5519    0.0033   -0.8007    0.0327   -0.5519  136   -0.2157    1.1804    1.1804    1.4715    1.4715
    0.6929   -0.2353    0.6229   -0.5782   -0.5819    0.2353   -0.6229    0.5782    0.5819   -0.0008    0.8050   -0.0309    0.6255    0.0008   -0.8050    0.0309   -0.6255  137   -0.2157    1.1843    1.1843    1.5441    1.5441
    0.6954   -0.2338    0.6237   -0.5797   -0.5800    0.2338   -0.6237    0.5797    0.5800    0.0011    0.8043   -0.0293    0.6924   -0.0011   -0.8043    0.0293   -0.6924  138   -0.2157    1.1874    1.1874   -1.5319   -1.5319
    0.6978   -0.2323    0.6244   -0.5811   -0.5781    0.2323   -0.6244    0.5811    0.5781    0.0031    0.7984   -0.0276    0.7656   -0.0031   -0.7984    0.0276   -0.7656  139   -0.2157    1.1905    1.1905   -1.4599   -1.4599
    0.7000   -0.2309    0.6251   -0.5824   -0.5764    0.2309   -0.6251    0.5824    0.5764    0.0049    0.7866   -0.0257    0.8424   -0.0049   -0.7866    0.0257   -0.8424  140   -0.2157    1.1934    1.1934   -1.3839   -1.3839
    0.7024   -0.2294    0.6259   -0.5837   -0.5746    0.2294   -0.6259    0.5837    0.5746    0.0067    0.7656   -0.0237    0.9303   -0.0067   -0.7656    0.0237   -0.9303  141   -0.2157    1.1963    1.1963   -1.2957   -1.2957
    0.7048   -0.2279    0.6266   -0.5851   -0.5727    0.2279   -0.6266    0.5851    0.5727    0.0085    0.7311   -0.0213    1.0308   -0.0085   -0.7311    0.0213   -1.0308  142   -0.2157    1.1993    1.1993   -1.1921   -1.1921
    0.7072   -0.2264    0.6273   -0.5865   -0.5709    0.2264   -0.6273    0.5865    0.5709    0.0102    0.6783   -0.0187    1.1425   -0.0102   -0.6783    0.0187   -1.1425  143   -0.2157    1.2024    1.2024   -1.0717   -1.0717
    0.7096   -0.2249    0.6280   -0.5878   -0.5690    0.2249   -0.6280    0.5878    0.5690    0.0117    0.6016   -0.0158    1.2621   -0.0117   -0.6016    0.0158   -1.2621  144   -0.2157    1.2054    1.2054   -0.9334   -0.9334
    0.7114   -0.2238    0.6285   -0.5889   -0.5676    0.2238   -0.6285    0.5889    0.5676    0.0127    0.5211   -0.0134    1.3578   -0.0127   -0.5211    0.0134   -1.3578  145   -0.2157    1.2077    1.2077   -0.8117   -0.8117
    0.7130   -0.2227    0.6290   -0.5898   -0.5664    0.2227   -0.6290    0.5898    0.5664    0.0135    0.4302   -0.0112    1.4426   -0.0135   -0.4302    0.0112   -1.4426  146   -0.2157    1.2097    1.2097   -0.6908   -0.6908
    0.7145   -0.2218    0.6294   -0.5906   -0.5653    0.2218   -0.6294    0.5906    0.5653    0.0141    0.3271   -0.0090    1.5174   -0.0141   -0.3271    0.0090   -1.5174  147   -0.2157    1.2116    1.2116   -0.5670   -0.5670
    0.7160   -0.2208    0.6299   -0.5915   -0.5641    0.2208   -0.6299    0.5915    0.5641    0.0145    0.2022   -0.0066    1.5853   -0.0145   -0.2022    0.0066   -1.5853  148   -0.2157    1.2134    1.2134   -0.4288   -0.4288
    0.7174   -0.2200    0.6303   -0.5923   -0.5630    0.2200   -0.6303    0.5923    0.5630    0.0147    0.0672   -0.0044    1.6359   -0.0147   -0.0672    0.0044   -1.6359  149   -0.2157    1.2152    1.2152   -0.2886   -0.2886
    0.7188   -0.2191    0.6307   -0.5930   -0.5620    0.2191   -0.6307    0.5930    0.5620    0.0147   -0.0817   -0.0021    1.6683   -0.0147    0.0817    0.0021   -1.6683  150   -0.2157    1.2169    1.2169   -0.1404   -0.1404
    0.7199   -0.2184    0.6310   -0.5937   -0.5611    0.2184   -0.6310    0.5937    0.5611    0.0145   -0.2134   -0.0002    1.6784   -0.0145    0.2134    0.0002   -1.6784  151   -0.2157    1.2183    1.2183   -0.0119   -0.0119
    0.7211   -0.2176    0.6313   -0.5944   -0.5602    0.2176   -0.6313    0.5944    0.5602    0.0142   -0.3568    0.0018    1.6702   -0.0142    0.3568   -0.0018   -1.6702  152   -0.2157    1.2198    1.2198    0.1279    0.1279
    0.7222   -0.2169    0.6316   -0.5950   -0.5594    0.2169   -0.6316    0.5950    0.5594    0.0137   -0.4915    0.0037    1.6437   -0.0137    0.4915   -0.0037   -1.6437  153   -0.2157    1.2212    1.2212    0.2614    0.2614
    0.7233   -0.2162    0.6319   -0.5956   -0.5585    0.2162   -0.6319    0.5956    0.5585    0.0131   -0.6228    0.0055    1.5990   -0.0131    0.6228   -0.0055   -1.5990  154   -0.2157    1.2226    1.2226    0.3964    0.3964
    0.7245   -0.2155    0.6323   -0.5963   -0.5576    0.2155   -0.6323    0.5963    0.5576    0.0123   -0.7527    0.0073    1.5336   -0.0123    0.7527   -0.0073   -1.5336  155   -0.2157    1.2240    1.2240    0.5380    0.5380
    0.7258   -0.2147    0.6326   -0.5970   -0.5567    0.2147   -0.6326    0.5970    0.5567    0.0112   -0.8787    0.0092    1.4451   -0.0112    0.8787   -0.0092   -1.4451  156   -0.2157    1.2256    1.2256    0.6879    0.6879
    0.7273   -0.2137    0.6330   -0.5978   -0.5555    0.2137   -0.6330    0.5978    0.5555    0.0098   -1.0044    0.0113    1.3225   -0.0098    1.0044   -0.0113   -1.3225  157   -0.2157    1.2275    1.2275    0.8590    0.8590
    0.7289   -0.2127    0.6335   -0.5987   -0.5543    0.2127   -0.6335    0.5987    0.5543    0.0081   -1.1058    0.0134    1.1829   -0.0081    1.1058   -0.0134   -1.1829  158   -0.2157    1.2295    1.2295    1.0272    1.0272
    0.7305   -0.2117    0.6339   -0.5996   -0.5531    0.2117   -0.6339    0.5996    0.5531    0.0063   -1.1754    0.0151    1.0454   -0.0063    1.1754   -0.0151   -1.0454  159   -0.2157    1.2314    1.2314    1.1774    1.1774
    0.7321   -0.2107    0.6343   -0.6005   -0.5519    0.2107   -0.6343    0.6005    0.5519    0.0044   -1.2205    0.0167    0.9111   -0.0044    1.2205   -0.0167   -0.9111  160   -0.2157    1.2334    1.2334    1.3155    1.3155
    0.7338   -0.2096    0.6348   -0.6014   -0.5506    0.2096   -0.6348    0.6014    0.5506    0.0023   -1.2458    0.0181    0.7793   -0.0023    1.2458   -0.0181   -0.7793  161   -0.2157    1.2354    1.2354    1.4464    1.4464
    0.7356   -0.2085    0.6352   -0.6024   -0.5492    0.2085   -0.6352    0.6024    0.5492    0.0001   -1.2536    0.0194    0.6551   -0.0001    1.2536   -0.0194   -0.6551  162   -0.2157    1.2376    1.2376    1.5677    1.5677
    0.7369   -0.2076    0.6356   -0.6031   -0.5482    0.2076   -0.6356    0.6031    0.5482   -0.0016   -1.2502    0.0202    0.5692    0.0016    1.2502   -0.0202   -0.5692  163   -0.2157    1.2393    1.2393   -1.4901   -1.4901
    0.7382   -0.2068    0.6359   -0.6038   -0.5472    0.2068   -0.6359    0.6038    0.5472   -0.0033   -1.2412    0.0209    0.4938    0.0033    1.2412   -0.0209   -0.4938  164   -0.2157    1.2408    1.2408   -1.4161   -1.4161
    0.7397   -0.2059    0.6363   -0.6046   -0.5461    0.2059   -0.6363    0.6046    0.5461   -0.0050   -1.2263    0.0215    0.4183    0.0050    1.2263   -0.0215   -0.4183  165   -0.2157    1.2426    1.2426   -1.3411   -1.3411
    0.7413   -0.2048    0.6367   -0.6055   -0.5449    0.2048   -0.6367    0.6055    0.5449   -0.0071   -1.2047    0.0222    0.3406    0.0071    1.2047   -0.0222   -0.3406  166   -0.2157    1.2446    1.2446   -1.2625   -1.2625
    0.7432   -0.2036    0.6372   -0.6066   -0.5435    0.2036   -0.6372    0.6066    0.5435   -0.0093   -1.1760    0.0227    0.2624    0.0093    1.1760   -0.0227   -0.2624  167   -0.2157    1.2469    1.2469   -1.1814   -1.1814
    0.7454   -0.2022    0.6377   -0.6077   -0.5418    0.2022   -0.6377    0.6077    0.5418   -0.0119   -1.1403    0.0232    0.1855    0.0119    1.1403   -0.0232   -0.1855  168   -0.2157    1.2496    1.2496   -1.0988   -1.0988
    0.7479   -0.2006    0.6384   -0.6091   -0.5399    0.2006   -0.6384    0.6091    0.5399   -0.0146   -1.0978    0.0236    0.1111    0.0146    1.0978   -0.0236   -0.1111  169   -0.2157    1.2526    1.2526   -1.0155   -1.0155
    0.7507   -0.1988    0.6391   -0.6106   -0.5378    0.1988   -0.6391    0.6106    0.5378   -0.0177   -1.0490    0.0238    0.0401    0.0177    1.0490   -0.0238   -0.0401  170   -0.2157    1.2560    1.2560   -0.9318   -0.9318
    0.7540   -0.1967    0.6399   -0.6123   -0.5354    0.1967   -0.6399    0.6123    0.5354   -0.0210   -0.9947    0.0238   -0.0263    0.0210    0.9947   -0.0238    0.0263  171   -0.2157    1.2599    1.2599   -0.8486   -0.8486
    0.7577   -0.1944    0.6407   -0.6143   -0.5326    0.1944   -0.6407    0.6143    0.5326   -0.0246   -0.9349    0.0236   -0.0878    0.0246    0.9349   -0.0236    0.0878  172   -0.2157    1.2644    1.2644   -0.7656   -0.7656
    0.7619   -0.1917    0.6417   -0.6166   -0.5295    0.1917   -0.6417    0.6166    0.5295   -0.0284   -0.8708    0.0231   -0.1438    0.0284    0.8708   -0.0231    0.1438  173   -0.2157    1.2694    1.2694   -0.6834   -0.6834
    0.7665   -0.1887    0.6428   -0.6190   -0.5261    0.1887   -0.6428    0.6190    0.5261   -0.0322   -0.8067    0.0223   -0.1913    0.0322    0.8067   -0.0223    0.1913  174   -0.2157    1.2749    1.2749   -0.6066   -0.6066
    0.7714   -0.1855    0.6439   -0.6216   -0.5224    0.1855   -0.6439    0.6216    0.5224   -0.0360   -0.7423    0.0213   -0.2318    0.0360    0.7423   -0.0213    0.2318  175   -0.2157    1.2807    1.2807   -0.5335   -0.5335
    0.7768   -0.1821    0.6451   -0.6244   -0.5185    0.1821   -0.6451    0.6244    0.5185   -0.0399   -0.6779    0.0199   -0.2663    0.0399    0.6779   -0.0199    0.2663  176   -0.2157    1.2871    1.2871   -0.4637   -0.4637
    0.7829   -0.1781    0.6464   -0.6275   -0.5140    0.1781   -0.6464    0.6275    0.5140   -0.0438   -0.6115    0.0182   -0.2962    0.0438    0.6115   -0.0182    0.2962  177   -0.2157    1.2942    1.2942   -0.3943   -0.3943
    0.7898   -0.1737    0.6478   -0.6310   -0.5090    0.1737   -0.6478    0.6310    0.5090   -0.0477   -0.5435    0.0161   -0.3214    0.0477    0.5435   -0.0161    0.3214  178   -0.2157    1.3022    1.3022   -0.3254   -0.3254
    0.7971   -0.1689    0.6492   -0.6348   -0.5037    0.1689   -0.6492    0.6348    0.5037   -0.0515   -0.4763    0.0137   -0.3415    0.0515    0.4763   -0.0137    0.3415  179   -0.2157    1.3107    1.3107   -0.2591   -0.2591
    0.8051   -0.1638    0.6507   -0.6387   -0.4979    0.1638   -0.6507    0.6387    0.4979   -0.0550   -0.4104    0.0109   -0.3569    0.0550    0.4104   -0.0109    0.3569  180   -0.2157    1.3198    1.3198   -0.1953   -0.1953
    0.8135   -0.1583    0.6522   -0.6429   -0.4919    0.1583   -0.6522    0.6429    0.4919   -0.0582   -0.3461    0.0078   -0.3680    0.0582    0.3461   -0.0078    0.3680  181   -0.2157    1.3294    1.3294   -0.1339   -0.1339
    0.8223   -0.1525    0.6537   -0.6472   -0.4856    0.1525   -0.6537    0.6472    0.4856   -0.0610   -0.2834    0.0046   -0.3753    0.0610    0.2834   -0.0046    0.3753  182   -0.2157    1.3394    1.3394   -0.0746   -0.0746
    0.8313   -0.1466    0.6552   -0.6516   -0.4792    0.1466   -0.6552    0.6516    0.4792   -0.0633   -0.2236    0.0012   -0.3790    0.0633    0.2236   -0.0012    0.3790  183   -0.2157    1.3495    1.3495   -0.0182   -0.0182
    0.8403   -0.1407    0.6565   -0.6559   -0.4729    0.1407   -0.6565    0.6559    0.4729   -0.0650   -0.1672   -0.0023   -0.3798    0.0650    0.1672    0.0023    0.3798  184   -0.2157    1.3595    1.3595    0.0350    0.0350
    0.8488   -0.1351    0.6578   -0.6599   -0.4669    0.1351   -0.6578    0.6599    0.4669   -0.0662   -0.1166   -0.0055   -0.3782    0.0662    0.1166    0.0055    0.3782  185   -0.2157    1.3688    1.3688    0.0829    0.0829
    0.8577   -0.1293    0.6590   -0.6640   -0.4607    0.1293   -0.6590    0.6640    0.4607   -0.0670   -0.0659   -0.0088   -0.3744    0.0670    0.0659    0.0088    0.3744  186   -0.2157    1.3785    1.3785    0.1312    0.1312
    0.8680   -0.1225    0.6603   -0.6687   -0.4537    0.1225   -0.6603    0.6687    0.4537   -0.0674   -0.0096   -0.0126   -0.3675    0.0674    0.0096    0.0126    0.3675  187   -0.2157    1.3896    1.3896    0.1855    0.1855
    0.8788   -0.1153    0.6615   -0.6735   -0.4462    0.1153   -0.6615    0.6735    0.4462   -0.0672    0.0479   -0.0166   -0.3575    0.0672   -0.0479    0.0166    0.3575  188   -0.2157    1.4012    1.4012    0.2419    0.2419
    0.8892   -0.1085    0.6626   -0.6781   -0.4392    0.1085   -0.6626    0.6781    0.4392   -0.0664    0.1016   -0.0202   -0.3454    0.0664   -0.1016    0.0202    0.3454  189   -0.2157    1.4122    1.4122    0.2956    0.2956
    0.9002   -0.1012    0.6637   -0.6829   -0.4317    0.1012   -0.6637    0.6829    0.4317   -0.0650    0.1575   -0.0239   -0.3296    0.0650   -0.1575    0.0239    0.3296  190   -0.2157    1.4237    1.4237    0.3530    0.3530
    0.9125   -0.0930    0.6648   -0.6882   -0.4234    0.0930   -0.6648    0.6882    0.4234   -0.0627    0.2195   -0.0279   -0.3080    0.0627   -0.2195    0.0279    0.3080  191   -0.2157    1.4365    1.4365    0.4187    0.4187
    0.9261   -0.0840    0.6659   -0.6939   -0.4145    0.0840   -0.6659    0.6939    0.4145   -0.0592    0.2870   -0.0319   -0.2790    0.0592   -0.2870    0.0319    0.2790  192   -0.2157    1.4504    1.4504    0.4934    0.4934
    0.9413   -0.0738    0.6670   -0.7001   -0.4044    0.0738   -0.6670    0.7001    0.4044   -0.0543    0.3636   -0.0358   -0.2382    0.0543   -0.3636    0.0358    0.2382  193   -0.2157    1.4658    1.4658    0.5832    0.5832
    0.9555   -0.0643    0.6678   -0.7058   -0.3952    0.0643   -0.6678    0.7058    0.3952   -0.0486    0.4359   -0.0389   -0.1903    0.0486   -0.4359    0.0389    0.1903  194   -0.2157    1.4799    1.4799    0.6744    0.6744
    0.9684   -0.0557    0.6685   -0.7108   -0.3869    0.0557   -0.6685    0.7108    0.3869   -0.0425    0.5032   -0.0410   -0.1356    0.0425   -0.5032    0.0410    0.1356  195   -0.2157    1.4926    1.4926    0.7668    0.7668
    0.9802   -0.0478    0.6690   -0.7153   -0.3794    0.0478   -0.6690    0.7153    0.3794   -0.0363    0.5654   -0.0422   -0.0738    0.0363   -0.5654    0.0422    0.0738  196   -0.2157    1.5040    1.5040    0.8613    0.8613
    0.9909   -0.0406    0.6693   -0.7194   -0.3726    0.0406   -0.6693    0.7194    0.3726   -0.0299    0.6229   -0.0427   -0.0032    0.0299   -0.6229    0.0427    0.0032  197   -0.2157    1.5144    1.5144    0.9599    0.9599
    1.0009   -0.0340    0.6696   -0.7231   -0.3664    0.0340   -0.6696    0.7231    0.3664   -0.0234    0.6755   -0.0423    0.0777    0.0234   -0.6755    0.0423   -0.0777  198   -0.2157    1.5238    1.5238    1.0649    1.0649
    1.0084   -0.0289    0.6698   -0.7258   -0.3617    0.0289   -0.6698    0.7258    0.3617   -0.0182    0.7140   -0.0414    0.1532    0.0182   -0.7140    0.0414   -0.1532  199   -0.2157    1.5309    1.5309    1.1573    1.1573
    1.0149   -0.0246    0.6700   -0.7282   -0.3577    0.0246   -0.6700    0.7282    0.3577   -0.0134    0.7448   -0.0402    0.2311    0.0134   -0.7448    0.0402   -0.2311  200   -0.2157    1.5371    1.5371    1.2485    1.2485
    1.0206   -0.0208    0.6701   -0.7302   -0.3542    0.0208   -0.6701    0.7302    0.3542   -0.0092    0.7677   -0.0387    0.3099    0.0092   -0.7677    0.0387   -0.3099  201   -0.2157    1.5423    1.5423    1.3378    1.3378
    1.0254   -0.0176    0.6702   -0.7318   -0.3513    0.0176   -0.6702    0.7318    0.3513   -0.0055    0.7830   -0.0370    0.3882    0.0055   -0.7830    0.0370   -0.3882  202   -0.2157    1.5468    1.5468    1.4245    1.4245
    1.0295   -0.0148    0.6702   -0.7333   -0.3488    0.0148   -0.6702    0.7333    0.3488   -0.0022    0.7911   -0.0353    0.4646    0.0022   -0.7911    0.0353   -0.4646  203   -0.2157    1.5506    1.5506    1.5079    1.5079
    1.0329   -0.0125    0.6702   -0.7345   -0.3467    0.0125   -0.6702    0.7345    0.3467    0.0005    0.7928   -0.0336    0.5362   -0.0005   -0.7928    0.0336   -0.5362  204   -0.2157    1.5537    1.5537   -1.5561   -1.5561
    1.0358   -0.0106    0.6703   -0.7355   -0.3450    0.0106   -0.6703    0.7355    0.3450    0.0028    0.7894   -0.0319    0.6025   -0.0028   -0.7894    0.0319   -0.6025  205   -0.2157    1.5564    1.5564   -1.4843   -1.4843
    1.0386   -0.0087    0.6703   -0.7364   -0.3433    0.0087   -0.6703    0.7364    0.3433    0.0050    0.7804   -0.0301    0.6734   -0.0050   -0.7804    0.0301   -0.6734  206   -0.2157    1.5589    1.5589   -1.4070   -1.4070
    1.0415   -0.0067    0.6703   -0.7375   -0.3415    0.0067   -0.6703    0.7375    0.3415    0.0073    0.7629   -0.0280    0.7551   -0.0073   -0.7629    0.0280   -0.7551  207   -0.2157    1.5617    1.5617   -1.3167   -1.3167
    1.0447   -0.0046    0.6703   -0.7385   -0.3396    0.0046   -0.6703    0.7385    0.3396    0.0096    0.7325   -0.0255    0.8502   -0.0096   -0.7325    0.0255   -0.8502  208   -0.2157    1.5645    1.5645   -1.2090   -1.2090
    1.0480   -0.0024    0.6703   -0.7396   -0.3377    0.0024   -0.6703    0.7396    0.3377    0.0120    0.6834   -0.0225    0.9579   -0.0120   -0.6834    0.0225   -0.9579  209   -0.2157    1.5675    1.5675   -1.0815   -1.0815
    1.0513   -0.0002    0.6703   -0.7408   -0.3357    0.0002   -0.6703    0.7408    0.3357    0.0141    0.6106   -0.0191    1.0728   -0.0141   -0.6106    0.0191   -1.0728  210   -0.2157    1.5705    1.5705   -0.9350   -0.9350
    1.0540    0.0016    0.6703   -0.7416   -0.3341   -0.0016   -0.6703    0.7416    0.3341    0.0156    0.5308   -0.0162    1.1668   -0.0156   -0.5308    0.0162   -1.1668  211   -0.2157   -1.5687   -1.5687   -0.8025   -0.8025
    1.0564    0.0032    0.6703   -0.7425   -0.3327   -0.0032   -0.6703    0.7425    0.3327    0.0168    0.4372   -0.0132    1.2512   -0.0168   -0.4372    0.0132   -1.2512  212   -0.2157   -1.5665   -1.5665   -0.6670   -0.6670
    1.0588    0.0049    0.6703   -0.7433   -0.3313   -0.0049   -0.6703    0.7433    0.3313    0.0178    0.3205   -0.0101    1.3293   -0.0178   -0.3205    0.0101   -1.3293  213   -0.2157   -1.5643   -1.5643   -0.5161   -0.5161
    1.0612    0.0064    0.6703   -0.7440   -0.3299   -0.0064   -0.6703    0.7440    0.3299    0.0183    0.1891   -0.0069    1.3908   -0.0183   -0.1891    0.0069   -1.3908  214   -0.2157   -1.5622   -1.5622   -0.3604   -0.3604
    1.0635    0.0080    0.6703   -0.7448   -0.3285   -0.0080   -0.6703    0.7448    0.3285    0.0186    0.0359   -0.0036    1.4339   -0.0186   -0.0359    0.0036   -1.4339  215   -0.2157   -1.5601   -1.5601   -0.1896   -0.1896
    1.0651    0.0091    0.6703   -0.7453   -0.3276   -0.0091   -0.6703    0.7453    0.3276    0.0186   -0.0751   -0.0013    1.4483   -0.0186    0.0751    0.0013   -1.4483  216   -0.2157   -1.5587   -1.5587   -0.0695   -0.0695
    1.0666    0.0101    0.6703   -0.7458   -0.3267   -0.0101   -0.6703    0.7458    0.3267    0.0184   -0.1841    0.0009    1.4495   -0.0184    0.1841   -0.0009   -1.4495  217   -0.2157   -1.5573   -1.5573    0.0474    0.0474
    1.0680    0.0110    0.6703   -0.7463   -0.3259   -0.0110   -0.6703    0.7463    0.3259    0.0181   -0.2900    0.0029    1.4384   -0.0181    0.2900   -0.0029   -1.4384  218   -0.2157   -1.5560   -1.5560    0.1617    0.1617
    1.0695    0.0120    0.6703   -0.7468   -0.3250   -0.0120   -0.6703    0.7468    0.3250    0.0175   -0.4013    0.0051    1.4132   -0.0175    0.4013   -0.0051   -1.4132  219   -0.2157   -1.5547   -1.5547    0.2841    0.2841
    1.0712    0.0131    0.6703   -0.7473   -0.3240   -0.0131   -0.6703    0.7473    0.3240    0.0168   -0.5156    0.0074    1.3717   -0.0168    0.5156   -0.0074   -1.3717  220   -0.2157   -1.5532   -1.5532    0.4147    0.4147
    1.0730    0.0143    0.6702   -0.7479   -0.3230   -0.0143   -0.6702    0.7479    0.3230    0.0158   -0.6313    0.0098    1.3108   -0.0158    0.6313   -0.0098   -1.3108  221   -0.2157   -1.5517   -1.5517    0.5550    0.5550
    1.0750    0.0157    0.6702   -0.7485   -0.3218   -0.0157   -0.6702    0.7485    0.3218    0.0144   -0.7473    0.0123    1.2260   -0.0144    0.7473   -0.0123   -1.2260  222   -0.2157   -1.5499   -1.5499    0.7093    0.7093
    1.0773    0.0172    0.6702   -0.7493   -0.3205   -0.0172   -0.6702    0.7493    0.3205    0.0125   -0.8586    0.0151    1.1129   -0.0125    0.8586   -0.0151   -1.1129  223   -0.2157   -1.5478   -1.5478    0.8799    0.8799
    1.0797    0.0188    0.6701   -0.7501   -0.3191   -0.0188   -0.6701    0.7501    0.3191    0.0103   -0.9443    0.0176    0.9908   -0.0103    0.9443   -0.0176   -0.9908  224   -0.2157   -1.5457   -1.5457    1.0403    1.0403
    1.0821    0.0204    0.6701   -0.7508   -0.3177   -0.0204   -0.6701    0.7508    0.3177    0.0080   -1.0041    0.0198    0.8698   -0.0080    1.0041   -0.0198   -0.8698  225   -0.2157   -1.5436   -1.5436    1.1854    1.1854
    1.0845    0.0220    0.6701   -0.7516   -0.3164   -0.0220   -0.6701    0.7516    0.3164    0.0055   -1.0436    0.0217    0.7497   -0.0055    1.0436   -0.0217   -0.7497  226   -0.2157   -1.5415   -1.5415    1.3215    1.3215
    1.0871    0.0238    0.6700   -0.7524   -0.3149   -0.0238   -0.6700    0.7524    0.3149    0.0028   -1.0659    0.0235    0.6305   -0.0028    1.0659   -0.0235   -0.6305  227   -0.2157   -1.5392   -1.5392    1.4520    1.4520
    1.0897    0.0255    0.6700   -0.7532   -0.3134   -0.0255   -0.6700    0.7532    0.3134   -0.0000   -1.0725    0.0250    0.5201    0.0000    1.0725   -0.0250   -0.5201  228   -0.2157   -1.5369   -1.5369   -1.5704   -1.5704
    1.0917    0.0269    0.6699   -0.7538   -0.3122   -0.0269   -0.6699    0.7538    0.3122   -0.0022   -1.0692    0.0260    0.4430    0.0022    1.0692   -0.0260   -0.4430  229   -0.2157   -1.5351   -1.5351   -1.4873   -1.4873
    1.0937    0.0282    0.6699   -0.7545   -0.3111   -0.0282   -0.6699    0.7545    0.3111   -0.0043   -1.0608    0.0268    0.3742    0.0043    1.0608   -0.0268   -0.3742  230   -0.2157   -1.5334   -1.5334   -1.4126   -1.4126
    1.0959    0.0297    0.6698   -0.7551   -0.3098   -0.0297   -0.6698    0.7551    0.3098   -0.0066   -1.0469    0.0276    0.3044    0.0066    1.0469   -0.0276   -0.3044  231   -0.2157   -1.5315   -1.5315   -1.3359   -1.3359
    1.0984    0.0314    0.6698   -0.7559   -0.3084   -0.0314   -0.6698    0.7559    0.3084   -0.0092   -1.0263    0.0282    0.2321    0.0092    1.0263   -0.0282   -0.2321  232   -0.2157   -1.5293   -1.5293   -1.2548   -1.2548
    1.1013    0.0333    0.6697   -0.7568   -0.3067   -0.0333   -0.6697    0.7568    0.3067   -0.0122   -0.9989    0.0288    0.1594    0.0122    0.9989   -0.0288   -0.1594  233   -0.2157   -1.5268   -1.5268   -1.1710   -1.1710
    1.1046    0.0355    0.6696   -0.7578   -0.3049   -0.0355   -0.6696    0.7578    0.3049   -0.0154   -0.9647    0.0292    0.0878    0.0154    0.9647   -0.0292   -0.0878  234   -0.2157   -1.5239   -1.5239   -1.0853   -1.0853
    1.1083    0.0380    0.6695   -0.7590   -0.3028   -0.0380   -0.6695    0.7590    0.3028   -0.0189   -0.9240    0.0294    0.0188    0.0189    0.9240   -0.0294   -0.0188  235   -0.2157   -1.5207   -1.5207   -0.9991   -0.9991
    1.1126    0.0408    0.6694   -0.7602   -0.3004   -0.0408   -0.6694    0.7602    0.3004   -0.0227   -0.8770    0.0293   -0.0469    0.0227    0.8770   -0.0293    0.0469  236   -0.2157   -1.5171   -1.5171   -0.9120   -0.9120
    1.1171    0.0439    0.6693   -0.7616   -0.2979   -0.0439   -0.6693    0.7616    0.2979   -0.0266   -0.8268    0.0290   -0.1055    0.0266    0.8268   -0.0290    0.1055  237   -0.2157   -1.5132   -1.5132   -0.8289   -0.8289
    1.1224    0.0475    0.6691   -0.7632   -0.2949   -0.0475   -0.6691    0.7632    0.2949   -0.0308   -0.7690    0.0283   -0.1623    0.0308    0.7690   -0.0283    0.1623  238   -0.2157   -1.5087   -1.5087   -0.7418   -0.7418
    1.1286    0.0516    0.6689   -0.7650   -0.2915   -0.0516   -0.6689    0.7650    0.2915   -0.0354   -0.7054    0.0271   -0.2144    0.0354    0.7054   -0.0271    0.2144  239   -0.2157   -1.5035   -1.5035   -0.6536   -0.6536
    1.1356    0.0563    0.6686   -0.7670   -0.2876   -0.0563   -0.6686    0.7670    0.2876   -0.0401   -0.6367    0.0254   -0.2611    0.0401    0.6367   -0.0254    0.2611  240   -0.2157   -1.4975   -1.4975   -0.5648   -0.5648
    1.1436    0.0616    0.6683   -0.7693   -0.2833   -0.0616   -0.6683    0.7693    0.2833   -0.0449   -0.5646    0.0232   -0.3011    0.0449    0.5646   -0.0232    0.3011  241   -0.2157   -1.4909   -1.4909   -0.4770   -0.4770
    1.1520    0.0672    0.6680   -0.7717   -0.2787   -0.0672   -0.6680    0.7717    0.2787   -0.0493   -0.4928    0.0205   -0.3332    0.0493    0.4928   -0.0205    0.3332  242   -0.2157   -1.4839   -1.4839   -0.3937   -0.3937
    1.1611    0.0733    0.6675   -0.7742   -0.2738   -0.0733   -0.6675    0.7742    0.2738   -0.0535   -0.4214    0.0174   -0.3583    0.0535    0.4214   -0.0174    0.3583  243   -0.2157   -1.4764   -1.4764   -0.3139   -0.3139
    1.1706    0.0796    0.6670   -0.7767   -0.2688   -0.0796   -0.6670    0.7767    0.2688   -0.0571   -0.3511    0.0139   -0.3769    0.0571    0.3511   -0.0139    0.3769  244   -0.2157   -1.4686   -1.4686   -0.2378   -0.2378
    1.1806    0.0863    0.6665   -0.7794   -0.2635   -0.0863   -0.6665    0.7794    0.2635   -0.0603   -0.2818    0.0100   -0.3900    0.0603    0.2818   -0.0100    0.3900  245   -0.2157   -1.4605   -1.4605   -0.1644   -0.1644
    1.1910    0.0932    0.6659   -0.7821   -0.2581   -0.0932   -0.6659    0.7821    0.2581   -0.0629   -0.2142    0.0059   -0.3978    0.0629    0.2142   -0.0059    0.3978  246   -0.2157   -1.4522   -1.4522   -0.0939   -0.0939
    1.2015    0.1002    0.6652   -0.7848   -0.2527   -0.1002   -0.6652    0.7848    0.2527   -0.0648   -0.1489    0.0017   -0.4010    0.0648    0.1489   -0.0017    0.4010  247   -0.2157   -1.4438   -1.4438   -0.0266   -0.0266
    1.2118    0.1070    0.6646   -0.7874   -0.2475   -0.1070   -0.6646    0.7874    0.2475   -0.0660   -0.0877   -0.0024   -0.4002    0.0660    0.0877    0.0024    0.4002  248   -0.2157   -1.4357   -1.4357    0.0363    0.0363
    1.2213    0.1134    0.6639   -0.7897   -0.2426   -0.1134   -0.6639    0.7897    0.2426   -0.0666   -0.0326   -0.0062   -0.3964    0.0666    0.0326    0.0062    0.3964  249   -0.2157   -1.4282   -1.4282    0.0929    0.0929
    1.2311    0.1199    0.6632   -0.7920   -0.2378   -0.1199   -0.6632    0.7920    0.2378   -0.0666    0.0224   -0.0100   -0.3896    0.0666   -0.0224    0.0100    0.3896  250   -0.2157   -1.4206   -1.4206    0.1497    0.1497
    1.2411    0.1265    0.6624   -0.7944   -0.2328   -0.1265   -0.6624    0.7944    0.2328   -0.0661    0.0780   -0.0139   -0.3797    0.0661   -0.0780    0.0139    0.3797  251   -0.2157   -1.4129   -1.4129    0.2074    0.2074
    1.2510    0.1331    0.6616   -0.7967   -0.2279   -0.1331   -0.6616    0.7967    0.2279   -0.0651    0.1322   -0.0176   -0.3669    0.0651   -0.1322    0.0176    0.3669  252   -0.2157   -1.4053   -1.4053    0.2644    0.2644
    1.2626    0.1407    0.6606   -0.7993   -0.2223   -0.1407   -0.6606    0.7993    0.2223   -0.0632    0.1947   -0.0217   -0.3483    0.0632   -0.1947    0.0217    0.3483  253   -0.2157   -1.3965   -1.3965    0.3314    0.3314
    1.2753    0.1491    0.6595   -0.8021   -0.2162   -0.1491   -0.6595    0.8021    0.2162   -0.0602    0.2641   -0.0260   -0.3223    0.0602   -0.2641    0.0260    0.3223  254   -0.2157   -1.3870   -1.3870    0.4078    0.4078
    1.2893    0.1584    0.6582   -0.8051   -0.2096   -0.1584   -0.6582    0.8051    0.2096   -0.0560    0.3409   -0.0303   -0.2864    0.0560   -0.3409    0.0303    0.2864  255   -0.2157   -1.3766   -1.3766    0.4958    0.4958
    1.3034    0.1676    0.6569   -0.8080   -0.2030   -0.1676   -0.6569    0.8080    0.2030   -0.0507    0.4197   -0.0340   -0.2406    0.0507   -0.4197    0.0340    0.2406  256   -0.2157   -1.3663   -1.3663    0.5910    0.5910
    1.3163    0.1761    0.6556   -0.8106   -0.1970   -0.1761   -0.6556    0.8106    0.1970   -0.0448    0.4946   -0.0368   -0.1868    0.0448   -0.4946    0.0368    0.1868  257   -0.2157   -1.3569   -1.3569    0.6881    0.6881
    1.3281    0.1838    0.6544   -0.8128   -0.1916   -0.1838   -0.6544    0.8128    0.1916   -0.0385    0.5643   -0.0386   -0.1255    0.0385   -0.5643    0.0386    0.1255  258   -0.2157   -1.3484   -1.3484    0.7866    0.7866
    1.3387    0.1907    0.6532   -0.8148   -0.1868   -0.1907   -0.6532    0.8148    0.1868   -0.0322    0.6291   -0.0396   -0.0555    0.0322   -0.6291    0.0396    0.0555  259   -0.2157   -1.3409   -1.3409    0.8884    0.8884
    1.3484    0.1971    0.6522   -0.8166   -0.1824   -0.1971   -0.6522    0.8166    0.1824   -0.0258    0.6890   -0.0398    0.0247    0.0258   -0.6890    0.0398   -0.0247  260   -0.2157   -1.3340   -1.3340    0.9957    0.9957
    1.3559    0.2020    0.6513   -0.8180   -0.1790   -0.2020   -0.6513    0.8180    0.1790   -0.0204    0.7345   -0.0393    0.1012    0.0204   -0.7345    0.0393   -0.1012  261   -0.2157   -1.3287   -1.3287    1.0915    1.0915
    1.3624    0.2062    0.6506   -0.8191   -0.1762   -0.2062   -0.6506    0.8191    0.1762   -0.0156    0.7719   -0.0384    0.1806    0.0156   -0.7719    0.0384   -0.1806  262   -0.2157   -1.3242   -1.3242    1.1860    1.1860
    1.3680    0.2098    0.6500   -0.8201   -0.1737   -0.2098   -0.6500    0.8201    0.1737   -0.0112    0.8009   -0.0372    0.2617    0.0112   -0.8009    0.0372   -0.2617  263   -0.2157   -1.3203   -1.3203    1.2790    1.2790
    1.3728    0.2130    0.6494   -0.8210   -0.1716   -0.2130   -0.6494    0.8210    0.1716   -0.0072    0.8219   -0.0357    0.3438    0.0072   -0.8219    0.0357   -0.3438  264   -0.2157   -1.3170   -1.3170    1.3706    1.3706
    1.3770    0.2157    0.6490   -0.8217   -0.1698   -0.2157   -0.6490    0.8217    0.1698   -0.0038    0.8350   -0.0341    0.4250    0.0038   -0.8350    0.0341   -0.4250  265   -0.2157   -1.3141   -1.3141    1.4595    1.4595
    1.3805    0.2179    0.6486   -0.8223   -0.1682   -0.2179   -0.6486    0.8223    0.1682   -0.0009    0.8405   -0.0325    0.5033    0.0009   -0.8405    0.0325   -0.5033  266   -0.2157   -1.3117   -1.3117    1.5443    1.5443
    1.3833    0.2198    0.6482   -0.8227   -0.1670   -0.2198   -0.6482    0.8227    0.1670    0.0015    0.8398   -0.0310    0.5739   -0.0015   -0.8398    0.0310   -0.5739  267   -0.2157   -1.3097   -1.3097   -1.5212   -1.5212
    1.3861    0.2216    0.6479   -0.8232   -0.1658   -0.2216   -0.6479    0.8232    0.1658    0.0039    0.8330   -0.0293    0.6499   -0.0039   -0.8330    0.0293   -0.6499  268   -0.2157   -1.3078   -1.3078   -1.4388   -1.4388
    1.3889    0.2234    0.6476   -0.8237   -0.1646   -0.2234   -0.6476    0.8237    0.1646    0.0061    0.8186   -0.0274    0.7309   -0.0061   -0.8186    0.0274   -0.7309  269   -0.2157   -1.3060   -1.3060   -1.3499   -1.3499
    1.3918    0.2253    0.6472   -0.8241   -0.1633   -0.2253   -0.6472    0.8241    0.1633    0.0085    0.7922   -0.0251    0.8249   -0.0085   -0.7922    0.0251   -0.8249  270   -0.2157   -1.3040   -1.3040   -1.2445   -1.2445
    1.3949    0.2272    0.6469   -0.8246   -0.1620   -0.2272   -0.6469    0.8246    0.1620    0.0109    0.7483   -0.0224    0.9321   -0.0109   -0.7483    0.0224   -0.9321  271   -0.2157   -1.3019   -1.3019   -1.1196   -1.1196
    1.3981    0.2293    0.6465   -0.8251   -0.1607   -0.2293   -0.6465    0.8251    0.1607    0.0131    0.6793   -0.0192    1.0508   -0.0131   -0.6793    0.0192   -1.0508  272   -0.2157   -1.2997   -1.2997   -0.9716   -0.9716
    1.4007    0.2310    0.6462   -0.8256   -0.1595   -0.2310   -0.6462    0.8256    0.1595    0.0149    0.5994   -0.0163    1.1518   -0.0149   -0.5994    0.0163   -1.1518  273   -0.2157   -1.2979   -1.2979   -0.8327   -0.8327
    1.4034    0.2328    0.6459   -0.8260   -0.1584   -0.2328   -0.6459    0.8260    0.1584    0.0163    0.4923   -0.0131    1.2522   -0.0163   -0.4923    0.0131   -1.2522  274   -0.2157   -1.2961   -1.2961   -0.6745   -0.6745
    1.4059    0.2344    0.6456   -0.8264   -0.1573   -0.2344   -0.6456    0.8264    0.1573    0.0174    0.3705   -0.0099    1.3345   -0.0174   -0.3705    0.0099   -1.3345  275   -0.2157   -1.2944   -1.2944   -0.5162   -0.5162
    1.4083    0.2359    0.6453   -0.8268   -0.1563   -0.2359   -0.6453    0.8268    0.1563    0.0181    0.2293   -0.0066    1.3996   -0.0181   -0.2293    0.0066   -1.3996  276   -0.2157   -1.2928   -1.2928   -0.3488   -0.3488
    1.4107    0.2375    0.6450   -0.8271   -0.1553   -0.2375   -0.6450    0.8271    0.1553    0.0185    0.0702   -0.0032    1.4418   -0.0185   -0.0702    0.0032   -1.4418  277   -0.2157   -1.2912   -1.2912   -0.1716   -0.1716
    1.4122    0.2384    0.6448   -0.8274   -0.1547   -0.2384   -0.6448    0.8274    0.1547    0.0185   -0.0387   -0.0010    1.4541   -0.0185    0.0387    0.0010   -1.4541  278   -0.2157   -1.2902   -1.2902   -0.0537   -0.0537
    1.4136    0.2393    0.6446   -0.8276   -0.1541   -0.2393   -0.6446    0.8276    0.1541    0.0184   -0.1386    0.0010    1.4541   -0.0184    0.1386   -0.0010   -1.4541  279   -0.2157   -1.2893   -1.2893    0.0537    0.0537
    1.4149    0.2402    0.6445   -0.8278   -0.1535   -0.2402   -0.6445    0.8278    0.1535    0.0181   -0.2373    0.0029    1.4434   -0.0181    0.2373   -0.0029   -1.4434  280   -0.2157   -1.2884   -1.2884    0.1605    0.1605
    1.4163    0.2411    0.6443   -0.8280   -0.1529   -0.2411   -0.6443    0.8280    0.1529    0.0177   -0.3406    0.0050    1.4206   -0.0177    0.3406   -0.0050   -1.4206  281   -0.2157   -1.2874   -1.2874    0.2742    0.2742
    1.4179    0.2421    0.6441   -0.8283   -0.1523   -0.2421   -0.6441    0.8283    0.1523    0.0171   -0.4487    0.0072    1.3829   -0.0171    0.4487   -0.0072   -1.3829  282   -0.2157   -1.2864   -1.2864    0.3973    0.3973
    1.4196    0.2432    0.6439   -0.8285   -0.1515   -0.2432   -0.6439    0.8285    0.1515    0.0162   -0.5606    0.0095    1.3269   -0.0162    0.5606   -0.0095   -1.3269  283   -0.2157   -1.2852   -1.2852    0.5320    0.5320
    1.4217    0.2446    0.6436   -0.8288   -0.1507   -0.2446   -0.6436    0.8288    0.1507    0.0150   -0.6760    0.0122    1.2467   -0.0150    0.6760   -0.0122   -1.2467  284   -0.2157   -1.2839   -1.2839    0.6831    0.6831
    1.4241    0.2461    0.6433   -0.8292   -0.1497   -0.2461   -0.6433    0.8292    0.1497    0.0132   -0.7896    0.0151    1.1370   -0.0132    0.7896   -0.0151   -1.1370  285   -0.2157   -1.2823   -1.2823    0.8531    0.8531
    1.4265    0.2477    0.6431   -0.8295   -0.1487   -0.2477   -0.6431    0.8295    0.1487    0.0112   -0.8749    0.0177    1.0230   -0.0112    0.8749   -0.0177   -1.0230  286   -0.2157   -1.2807   -1.2807    1.0064    1.0064
    1.4289    0.2492    0.6428   -0.8299   -0.1477   -0.2492   -0.6428    0.8299    0.1477    0.0090   -0.9368    0.0200    0.9082   -0.0090    0.9368   -0.0200   -0.9082  287   -0.2157   -1.2791   -1.2791    1.1468    1.1468
    1.4314    0.2508    0.6424   -0.8303   -0.1467   -0.2508   -0.6424    0.8303    0.1467    0.0066   -0.9801    0.0221    0.7928   -0.0066    0.9801   -0.0221   -0.7928  288   -0.2157   -1.2775   -1.2775    1.2795    1.2795
    1.4340    0.2525    0.6421   -0.8307   -0.1456   -0.2525   -0.6421    0.8307    0.1456    0.0040   -1.0069    0.0240    0.6774   -0.0040    1.0069   -0.0240   -0.6774  289   -0.2157   -1.2757   -1.2757    1.4072    1.4072
    1.4368    0.2543    0.6418   -0.8311   -0.1444   -0.2543   -0.6418    0.8311    0.1444    0.0011   -1.0185    0.0258    0.5669   -0.0011    1.0185   -0.0258   -0.5669  290   -0.2157   -1.2739   -1.2739    1.5270    1.5270
    1.4392    0.2558    0.6415   -0.8314   -0.1434   -0.2558   -0.6415    0.8314    0.1434   -0.0012   -1.0185    0.0270    0.4841    0.0012    1.0185   -0.0270   -0.4841  291   -0.2157   -1.2723   -1.2723   -1.5253   -1.5253
    1.4414    0.2572    0.6412   -0.8317   -0.1425   -0.2572   -0.6412    0.8317    0.1425   -0.0035   -1.0122    0.0280    0.4099    0.0035    1.0122   -0.0280   -0.4099  292   -0.2157   -1.2708   -1.2708   -1.4449   -1.4449
    1.4437    0.2587    0.6409   -0.8320   -0.1416   -0.2587   -0.6409    0.8320    0.1416   -0.0058   -1.0012    0.0289    0.3426    0.0058    1.0012   -0.0289   -0.3426  293   -0.2157   -1.2693   -1.2693   -1.3714   -1.3714
    1.4463    0.2604    0.6406   -0.8324   -0.1405   -0.2604   -0.6406    0.8324    0.1405   -0.0084   -0.9845    0.0297    0.2734    0.0084    0.9845   -0.0297   -0.2734  294   -0.2157   -1.2677   -1.2677   -1.2944   -1.2944
    1.4493    0.2623    0.6402   -0.8328   -0.1393   -0.2623   -0.6402    0.8328    0.1393   -0.0113   -0.9612    0.0304    0.2024    0.0113    0.9612   -0.0304   -0.2024  295   -0.2157   -1.2657   -1.2657   -1.2137   -1.2137
    1.4527    0.2645    0.6397   -0.8333   -0.1379   -0.2645   -0.6397    0.8333    0.1379   -0.0146   -0.9315    0.0309    0.1320    0.0146    0.9315   -0.0309   -0.1320  296   -0.2157   -1.2635   -1.2635   -1.1311   -1.1311
    1.4566    0.2669    0.6392   -0.8338   -0.1363   -0.2669   -0.6392    0.8338    0.1363   -0.0181   -0.8954    0.0313    0.0632    0.0181    0.8954   -0.0313   -0.0632  297   -0.2157   -1.2610   -1.2610   -1.0471   -1.0471
    1.4609    0.2697    0.6387   -0.8344   -0.1346   -0.2697   -0.6387    0.8344    0.1346   -0.0219   -0.8532    0.0314   -0.0029    0.0219    0.8532   -0.0314    0.0029  298   -0.2157   -1.2581   -1.2581   -0.9622   -0.9622
    1.4659    0.2729    0.6380   -0.8351   -0.1326   -0.2729   -0.6380    0.8351    0.1326   -0.0260   -0.8052    0.0313   -0.0655    0.0260    0.8052   -0.0313    0.0655  299   -0.2157   -1.2550   -1.2550   -0.8769   -0.8769
    1.4716    0.2765    0.6373   -0.8358   -0.1303   -0.2765   -0.6373    0.8358    0.1303   -0.0304   -0.7512    0.0307   -0.1243    0.0304    0.7512   -0.0307    0.1243  300   -0.2157   -1.2513   -1.2513   -0.7905   -0.7905
    1.4780    0.2806    0.6364   -0.8367   -0.1278   -0.2806   -0.6364    0.8367    0.1278   -0.0350   -0.6921    0.0297   -0.1784    0.0350    0.6921   -0.0297    0.1784  301   -0.2157   -1.2472   -1.2472   -0.7038   -0.7038
    1.4853    0.2853    0.6355   -0.8376   -0.1248   -0.2853   -0.6355    0.8376    0.1248   -0.0399   -0.6277    0.0283   -0.2275    0.0399    0.6277   -0.0283    0.2275  302   -0.2157   -1.2426   -1.2426   -0.6163   -0.6163
    1.4938    0.2906    0.6343   -0.8386   -0.1215   -0.2906   -0.6343    0.8386    0.1215   -0.0449   -0.5578    0.0261   -0.2714    0.0449    0.5578   -0.0261    0.2714  303   -0.2157   -1.2372   -1.2372   -0.5273   -0.5273
    1.5029    0.2964    0.6331   -0.8397   -0.1180   -0.2964   -0.6331    0.8397    0.1180   -0.0497   -0.4868    0.0235   -0.3076    0.0497    0.4868   -0.0235    0.3076  304   -0.2157   -1.2315   -1.2315   -0.4417   -0.4417
    1.5127    0.3026    0.6318   -0.8409   -0.1142   -0.3026   -0.6318    0.8409    0.1142   -0.0541   -0.4157    0.0203   -0.3364    0.0541    0.4157   -0.0203    0.3364  305   -0.2157   -1.2254   -1.2254   -0.3595   -0.3595
    1.5230    0.3091    0.6303   -0.8420   -0.1102   -0.3091   -0.6303    0.8420    0.1102   -0.0580   -0.3451    0.0167   -0.3585    0.0580    0.3451   -0.0167    0.3585  306   -0.2157   -1.2189   -1.2189   -0.2806   -0.2806
    1.5339    0.3160    0.6288   -0.8432   -0.1061   -0.3160   -0.6288    0.8432    0.1061   -0.0614   -0.2750    0.0127   -0.3745    0.0614    0.2750   -0.0127    0.3745  307   -0.2157   -1.2122   -1.2122   -0.2043   -0.2043
    1.5453    0.3231    0.6273   -0.8444   -0.1019   -0.3231   -0.6273    0.8444    0.1019   -0.0641   -0.2058    0.0084   -0.3849    0.0641    0.2058   -0.0084    0.3849  308   -0.2157   -1.2053   -1.2053   -0.1305   -0.1305
    1.5568    0.3303    0.6256   -0.8455   -0.0976   -0.3303   -0.6256    0.8455    0.0976   -0.0661   -0.1384    0.0039   -0.3901    0.0661    0.1384   -0.0039    0.3901  309   -0.2157   -1.1984   -1.1984   -0.0597   -0.0597
    1.5682    0.3375    0.6240   -0.8466   -0.0935   -0.3375   -0.6240    0.8466    0.0935   -0.0673   -0.0738   -0.0005   -0.3907    0.0673    0.0738    0.0005    0.3907  310   -0.2157   -1.1915   -1.1915    0.0076    0.0076
    1.5790    0.3442    0.6225   -0.8476   -0.0896   -0.3442   -0.6225    0.8476    0.0896   -0.0678   -0.0142   -0.0047   -0.3875    0.0678    0.0142    0.0047    0.3875  311   -0.2157   -1.1851   -1.1851    0.0697    0.0697
    1.5888    0.3503    0.6210   -0.8485   -0.0861   -0.3503   -0.6210    0.8485    0.0861   -0.0676    0.0387   -0.0085   -0.3817    0.0676   -0.0387    0.0085    0.3817  312   -0.2157   -1.1793   -1.1793    0.1247    0.1247
    1.5983    0.3561    0.6196   -0.8493   -0.0827   -0.3561   -0.6196    0.8493    0.0827   -0.0670    0.0898   -0.0121   -0.3733    0.0670   -0.0898    0.0121    0.3733  313   -0.2157   -1.1737   -1.1737    0.1781    0.1781
    1.6083    0.3623    0.6182   -0.8501   -0.0792   -0.3623   -0.6182    0.8501    0.0792   -0.0659    0.1435   -0.0157   -0.3615    0.0659   -0.1435    0.0157    0.3615  314   -0.2157   -1.1679   -1.1679    0.2346    0.2346
    1.6194    0.3692    0.6165   -0.8509   -0.0754   -0.3692   -0.6165    0.8509    0.0754   -0.0639    0.2036   -0.0197   -0.3447    0.0639   -0.2036    0.0197    0.3447  315   -0.2157   -1.1614   -1.1614    0.2987    0.2987
    1.6320    0.3770    0.6146   -0.8519   -0.0710   -0.3770   -0.6146    0.8519    0.0710   -0.0609    0.2724   -0.0239   -0.3204    0.0609   -0.2724    0.0239    0.3204  316   -0.2157   -1.1541   -1.1541    0.3737    0.3737
    1.6457    0.3854    0.6126   -0.8528   -0.0664   -0.3854   -0.6126    0.8528    0.0664   -0.0567    0.3485   -0.0280   -0.2867    0.0567   -0.3485    0.0280    0.2867  317   -0.2157   -1.1464   -1.1464    0.4593    0.4593
    1.6592    0.3936    0.6105   -0.8537   -0.0619   -0.3936   -0.6105    0.8537    0.0619   -0.0515    0.4268   -0.0316   -0.2437    0.0515   -0.4268    0.0316    0.2437  318   -0.2157   -1.1387   -1.1387    0.5513    0.5513
    1.6705    0.4005    0.6087   -0.8543   -0.0581   -0.4005   -0.6087    0.8543    0.0581   -0.0463    0.4949   -0.0341   -0.1982    0.0463   -0.4949    0.0341    0.1982  319   -0.2157   -1.1324   -1.1324    0.6359    0.6359
    1.6818    0.4074    0.6070   -0.8550   -0.0544   -0.4074   -0.6070    0.8550    0.0544   -0.0402    0.5664   -0.0361   -0.1407    0.0402   -0.5664    0.0361    0.1407  320   -0.2157   -1.1261   -1.1261    0.7310    0.7310
    1.6911    0.4130    0.6055   -0.8555   -0.0514   -0.4130   -0.6055    0.8555    0.0514   -0.0347    0.6270   -0.0371   -0.0820    0.0347   -0.6270    0.0371    0.0820  321   -0.2157   -1.1210   -1.1210    0.8187    0.8187
    1.7003    0.4186    0.6041   -0.8559   -0.0484   -0.4186   -0.6041    0.8559    0.0484   -0.0287    0.6895   -0.0376   -0.0089    0.0287   -0.6895    0.0376    0.0089  322   -0.2157   -1.1159   -1.1159    0.9190    0.9190
    1.7080    0.4232    0.6029   -0.8563   -0.0460   -0.4232   -0.6029    0.8563    0.0460   -0.0231    0.7425   -0.0373    0.0670    0.0231   -0.7425    0.0373   -0.0670  323   -0.2157   -1.1117   -1.1117    1.0158    1.0158
    1.7145    0.4272    0.6018   -0.8566   -0.0439   -0.4272   -0.6018    0.8566    0.0439   -0.0182    0.7869   -0.0367    0.1459    0.0182   -0.7869    0.0367   -0.1459  324   -0.2157   -1.1082   -1.1082    1.1106    1.1106
    1.7201    0.4305    0.6009   -0.8568   -0.0421   -0.4305   -0.6009    0.8568    0.0421   -0.0137    0.8231   -0.0356    0.2275    0.0137   -0.8231    0.0356   -0.2275  325   -0.2157   -1.1052   -1.1052    1.2043    1.2043
    1.7249    0.4334    0.6002   -0.8570   -0.0406   -0.4334   -0.6002    0.8570    0.0406   -0.0097    0.8511   -0.0343    0.3110    0.0097   -0.8511    0.0343   -0.3110  326   -0.2157   -1.1026   -1.1026    1.2968    1.2968
    1.7290    0.4359    0.5995   -0.8572   -0.0393   -0.4359   -0.5995    0.8572    0.0393   -0.0061    0.8709   -0.0329    0.3952    0.0061   -0.8709    0.0329   -0.3952  327   -0.2157   -1.1004   -1.1004    1.3877    1.3877
    1.7326    0.4380    0.5990   -0.8573   -0.0382   -0.4380   -0.5990    0.8573    0.0382   -0.0030    0.8827   -0.0313    0.4782    0.0030   -0.8827    0.0313   -0.4782  328   -0.2157   -1.0985   -1.0985    1.4757    1.4757
    1.7356    0.4398    0.5985   -0.8574   -0.0373   -0.4398   -0.5985    0.8574    0.0373   -0.0003    0.8871   -0.0298    0.5579    0.0003   -0.8871    0.0298   -0.5579  329   -0.2157   -1.0969   -1.0969    1.5597    1.5597
    1.7380    0.4412    0.5981   -0.8575   -0.0365   -0.4412   -0.5981    0.8575    0.0365    0.0018    0.8853   -0.0284    0.6283   -0.0018   -0.8853    0.0284   -0.6283  330   -0.2157   -1.0956   -1.0956   -1.5078   -1.5078
    1.7403    0.4426    0.5977   -0.8576   -0.0358   -0.4426   -0.5977    0.8576    0.0358    0.0038    0.8776   -0.0268    0.7037   -0.0038   -0.8776    0.0268   -0.7037  331   -0.2157   -1.0943   -1.0943   -1.4282   -1.4282
    1.7427    0.4440    0.5973   -0.8577   -0.0351   -0.4440   -0.5973    0.8577    0.0351    0.0059    0.8619   -0.0250    0.7873   -0.0059   -0.8619    0.0250   -0.7873  332   -0.2157   -1.0931   -1.0931   -1.3387   -1.3387
    1.7452    0.4456    0.5969   -0.8578   -0.0343   -0.4456   -0.5969    0.8578    0.0343    0.0081    0.8330   -0.0229    0.8856   -0.0081   -0.8330    0.0229   -0.8856  333   -0.2157   -1.0917   -1.0917   -1.2310   -1.2310
    1.7480    0.4472    0.5965   -0.8579   -0.0334   -0.4472   -0.5965    0.8579    0.0334    0.0103    0.7843   -0.0203    0.9993   -0.0103   -0.7843    0.0203   -0.9993  334   -0.2157   -1.0903   -1.0903   -1.1009   -1.1009
    1.7508    0.4489    0.5960   -0.8580   -0.0326   -0.4489   -0.5960    0.8580    0.0326    0.0124    0.7095   -0.0173    1.1224   -0.0124   -0.7095    0.0173   -1.1224  335   -0.2157   -1.0888   -1.0888   -0.9494   -0.9494
    1.7531    0.4503    0.5957   -0.8580   -0.0319   -0.4503   -0.5957    0.8580    0.0319    0.0140    0.6244   -0.0146    1.2252   -0.0140   -0.6244    0.0146   -1.2252  336   -0.2157   -1.0875   -1.0875   -0.8091   -0.8091
    1.7554    0.4516    0.5953   -0.8581   -0.0312   -0.4516   -0.5953    0.8581    0.0312    0.0153    0.5130   -0.0117    1.3249   -0.0153   -0.5130    0.0117   -1.3249  337   -0.2157   -1.0863   -1.0863   -0.6519   -0.6519
    1.7576    0.4529    0.5949   -0.8582   -0.0305   -0.4529   -0.5949    0.8582    0.0305    0.0163    0.3840   -0.0087    1.4078   -0.0163   -0.3840    0.0087   -1.4078  338   -0.2157   -1.0852   -1.0852   -0.4908   -0.4908
    1.7598    0.4542    0.5946   -0.8583   -0.0298   -0.4542   -0.5946    0.8583    0.0298    0.0169    0.2302   -0.0055    1.4733   -0.0169   -0.2302    0.0055   -1.4733  339   -0.2157   -1.0840   -1.0840   -0.3150   -0.3150
    1.7615    0.4553    0.5943   -0.8583   -0.0293   -0.4553   -0.5943    0.8583    0.0293    0.0172    0.0971   -0.0030    1.5062   -0.0172   -0.0971    0.0030   -1.5062  340   -0.2157   -1.0831   -1.0831   -0.1710   -0.1710
    1.7629    0.4561    0.5941   -0.8583   -0.0289   -0.4561   -0.5941    0.8583    0.0289    0.0173   -0.0171   -0.0009    1.5189   -0.0173    0.0171    0.0009   -1.5189  341   -0.2157   -1.0824   -1.0824   -0.0503   -0.0503
    1.7641    0.4568    0.5939   -0.8584   -0.0285   -0.4568   -0.5939    0.8584    0.0285    0.0172   -0.1152    0.0009    1.5187   -0.0172    0.1152   -0.0009   -1.5187  342   -0.2157   -1.0818   -1.0818    0.0527    0.0527
    1.7652    0.4575    0.5937   -0.8584   -0.0282   -0.4575   -0.5937    0.8584    0.0282    0.0170   -0.2107    0.0026    1.5088   -0.0170    0.2107   -0.0026   -1.5088  343   -0.2157   -1.0812   -1.0812    0.1534    0.1534
    1.7664    0.4582    0.5935   -0.8584   -0.0278   -0.4582   -0.5935    0.8584    0.0278    0.0167   -0.3106    0.0045    1.4878   -0.0167    0.3106   -0.0045   -1.4878  344   -0.2157   -1.0805   -1.0805    0.2606    0.2606
    1.7678    0.4590    0.5933   -0.8585   -0.0274   -0.4590   -0.5933    0.8585    0.0274    0.0162   -0.4185    0.0065    1.4520   -0.0162    0.4185   -0.0065   -1.4520  345   -0.2157   -1.0798   -1.0798    0.3799    0.3799
    1.7693    0.4599    0.5930   -0.8585   -0.0269   -0.4599   -0.5930    0.8585    0.0269    0.0155   -0.5316    0.0087    1.3980   -0.0155    0.5316   -0.0087   -1.3980  346   -0.2157   -1.0790   -1.0790    0.5115    0.5115
    1.7712    0.4610    0.5927   -0.8586   -0.0264   -0.4610   -0.5927    0.8586    0.0264    0.0144   -0.6525    0.0112    1.3174   -0.0144    0.6525   -0.0112   -1.3174  347   -0.2157   -1.0780   -1.0780    0.6641    0.6641
    1.7734    0.4623    0.5924   -0.8586   -0.0257   -0.4623   -0.5924    0.8586    0.0257    0.0128   -0.7675    0.0140    1.2111   -0.0128    0.7675   -0.0140   -1.2111  348   -0.2157   -1.0769   -1.0769    0.8286    0.8286
    1.7755    0.4636    0.5920   -0.8587   -0.0251   -0.4636   -0.5920    0.8587    0.0251    0.0111   -0.8551    0.0164    1.1001   -0.0111    0.8551   -0.0164   -1.1001  349   -0.2157   -1.0758   -1.0758    0.9772    0.9772
    1.7777    0.4648    0.5917   -0.8587   -0.0244   -0.4648   -0.5917    0.8587    0.0244    0.0092   -0.9207    0.0187    0.9870   -0.0092    0.9207   -0.0187   -0.9870  350   -0.2157   -1.0746   -1.0746    1.1144    1.1144
    1.7799    0.4662    0.5913   -0.8588   -0.0238   -0.4662   -0.5913    0.8588    0.0238    0.0070   -0.9681    0.0208    0.8722   -0.0070    0.9681   -0.0208   -0.8722  351   -0.2157   -1.0735   -1.0735    1.2449    1.2449
    1.7823    0.4676    0.5909   -0.8588   -0.0230   -0.4676   -0.5909    0.8588    0.0230    0.0046   -0.9992    0.0228    0.7572   -0.0046    0.9992   -0.0228   -0.7572  352   -0.2157   -1.0722   -1.0722    1.3701    1.3701
    1.7850    0.4692    0.5905   -0.8589   -0.0222   -0.4692   -0.5905    0.8589    0.0222    0.0020   -1.0153    0.0246    0.6447   -0.0020    1.0153   -0.0246   -0.6447  353   -0.2157   -1.0709   -1.0709    1.4895    1.4895
    1.7874    0.4706    0.5901   -0.8590   -0.0215   -0.4706   -0.5901    0.8590    0.0215   -0.0005   -1.0183    0.0260    0.5496    0.0005    1.0183   -0.0260   -0.5496  354   -0.2157   -1.0696   -1.0696   -1.5520   -1.5520
    1.7897    0.4719    0.5897   -0.8590   -0.0209   -0.4719   -0.5897    0.8590    0.0209   -0.0028   -1.0136    0.0272    0.4707    0.0028    1.0136   -0.0272   -0.4707  355   -0.2157   -1.0684   -1.0684   -1.4689   -1.4689
    1.7918    0.4732    0.5894   -0.8591   -0.0202   -0.4732   -0.5894    0.8591    0.0202   -0.0049   -1.0045    0.0281    0.4041    0.0049    1.0045   -0.0281   -0.4041  356   -0.2157   -1.0673   -1.0673   -1.3983   -1.3983
    1.7941    0.4746    0.5890   -0.8591   -0.0195   -0.4746   -0.5890    0.8591    0.0195   -0.0072   -0.9903    0.0290    0.3368    0.0072    0.9903   -0.0290   -0.3368  357   -0.2157   -1.0661   -1.0661   -1.3259   -1.3259
    1.7968    0.4762    0.5886   -0.8592   -0.0187   -0.4762   -0.5886    0.8592    0.0187   -0.0099   -0.9700    0.0298    0.2670    0.0099    0.9700   -0.0298   -0.2670  358   -0.2157   -1.0647   -1.0647   -1.2493   -1.2493
    1.8000    0.4780    0.5881   -0.8592   -0.0178   -0.4780   -0.5881    0.8592    0.0178   -0.0129   -0.9436    0.0305    0.1967    0.0129    0.9436   -0.0305   -0.1967  359   -0.2157   -1.0631   -1.0631   -1.1702   -1.1702
    1.8035    0.4801    0.5875   -0.8593   -0.0168   -0.4801   -0.5875    0.8593    0.0168   -0.0162   -0.9109    0.0311    0.1274    0.0162    0.9109   -0.0311   -0.1274  360   -0.2157   -1.0613   -1.0613   -1.0895   -1.0895
    1.8076    0.4825    0.5868   -0.8593   -0.0156   -0.4825   -0.5868    0.8593    0.0156   -0.0198   -0.8724    0.0315    0.0606    0.0198    0.8724   -0.0315   -0.0606  361   -0.2157   -1.0592   -1.0592   -1.0082   -1.0082
    1.8122    0.4852    0.5860   -0.8594   -0.0142   -0.4852   -0.5860    0.8594    0.0142   -0.0238   -0.8282    0.0316   -0.0034    0.0238    0.8282   -0.0316    0.0034  362   -0.2157   -1.0568   -1.0568   -0.9261   -0.9261
    1.8174    0.4883    0.5852   -0.8595   -0.0127   -0.4883   -0.5852    0.8595    0.0127   -0.0280   -0.7786    0.0314   -0.0639    0.0280    0.7786   -0.0314    0.0639  363   -0.2157   -1.0542   -1.0542   -0.8434   -0.8434
    1.8234    0.4918    0.5842   -0.8595   -0.0110   -0.4918   -0.5842    0.8595    0.0110   -0.0325   -0.7236    0.0309   -0.1205    0.0325    0.7236   -0.0309    0.1205  364   -0.2157   -1.0511   -1.0511   -0.7601   -0.7601
    1.8303    0.4958    0.5831   -0.8596   -0.0090   -0.4958   -0.5831    0.8596    0.0090   -0.0372   -0.6632    0.0298   -0.1728    0.0372    0.6632   -0.0298    0.1728  365   -0.2157   -1.0477   -1.0477   -0.6756   -0.6756
    1.8379    0.5002    0.5818   -0.8597   -0.0068   -0.5002   -0.5818    0.8597    0.0068   -0.0421   -0.6001    0.0283   -0.2187    0.0421    0.6001   -0.0283    0.2187  366   -0.2157   -1.0438   -1.0438   -0.5931   -0.5931
    1.8464    0.5051    0.5804   -0.8597   -0.0044   -0.5051   -0.5804    0.8597    0.0044   -0.0468   -0.5344    0.0263   -0.2585    0.0468    0.5344   -0.0263    0.2585  367   -0.2157   -1.0396   -1.0396   -0.5120   -0.5120
    1.8557    0.5105    0.5789   -0.8597   -0.0018   -0.5105   -0.5789    0.8597    0.0018   -0.0515   -0.4669    0.0238   -0.2922    0.0515    0.4669   -0.0238    0.2922  368   -0.2157   -1.0350   -1.0350   -0.4324   -0.4324
    1.8658    0.5164    0.5772   -0.8598    0.0011   -0.5164   -0.5772    0.8598   -0.0011   -0.0559   -0.3977    0.0206   -0.3200    0.0559    0.3977   -0.0206    0.3200  369   -0.2157   -1.0299   -1.0299   -0.3540   -0.3540
    1.8766    0.5226    0.5754   -0.8597    0.0041   -0.5226   -0.5754    0.8597   -0.0041   -0.0598   -0.3284    0.0171   -0.3416    0.0598    0.3284   -0.0171    0.3416  370   -0.2157   -1.0246   -1.0246   -0.2778   -0.2778
    1.8880    0.5292    0.5735   -0.8597    0.0072   -0.5292   -0.5735    0.8597   -0.0072   -0.0631   -0.2597    0.0131   -0.3574    0.0631    0.2597   -0.0131    0.3574  371   -0.2157   -1.0190   -1.0190   -0.2041   -0.2041
    1.8999    0.5359    0.5715   -0.8596    0.0104   -0.5359   -0.5715    0.8596   -0.0104   -0.0658   -0.1915    0.0088   -0.3679    0.0658    0.1915   -0.0088    0.3679  372   -0.2157   -1.0133   -1.0133   -0.1323   -0.1323
    1.9120    0.5428    0.5695   -0.8594    0.0136   -0.5428   -0.5695    0.8594   -0.0136   -0.0677   -0.1250    0.0043   -0.3733    0.0677    0.1250   -0.0043    0.3733  373   -0.2157   -1.0074   -1.0074   -0.0632   -0.0632
    1.9239    0.5496    0.5675   -0.8592    0.0168   -0.5496   -0.5675    0.8592   -0.0168   -0.0688   -0.0609   -0.0002   -0.3741    0.0688    0.0609    0.0002    0.3741  374   -0.2157   -1.0017   -1.0017    0.0028    0.0028
    1.9339    0.5553    0.5658   -0.8591    0.0194   -0.5553   -0.5658    0.8591   -0.0194   -0.0692   -0.0088   -0.0039   -0.3717    0.0692    0.0088    0.0039    0.3717  375   -0.2157   -0.9970   -0.9970    0.0563    0.0563
    1.9436    0.5608    0.5642   -0.8588    0.0219   -0.5608   -0.5642    0.8588   -0.0219   -0.0690    0.0415   -0.0075   -0.3668    0.0690   -0.0415    0.0075    0.3668  376   -0.2157   -0.9924   -0.9924    0.1080    0.1080
    1.9534    0.5663    0.5626   -0.8586    0.0245   -0.5663   -0.5626    0.8586   -0.0245   -0.0684    0.0922   -0.0110   -0.3592    0.0684   -0.0922    0.0110    0.3592  377   -0.2157   -0.9878   -0.9878    0.1602    0.1602
    1.9643    0.5724    0.5607   -0.8583    0.0272   -0.5724   -0.5607    0.8583   -0.0272   -0.0671    0.1487   -0.0149   -0.3476    0.0671   -0.1487    0.0149    0.3476  378   -0.2157   -0.9827   -0.9827    0.2187    0.2187
    1.9765    0.5792    0.5587   -0.8580    0.0303   -0.5792   -0.5587    0.8580   -0.0303   -0.0649    0.2124   -0.0190   -0.3305    0.0649   -0.2124    0.0190    0.3305  379   -0.2157   -0.9770   -0.9770    0.2855    0.2855
    1.9896    0.5865    0.5565   -0.8576    0.0336   -0.5865   -0.5565    0.8576   -0.0336   -0.0616    0.2827   -0.0232   -0.3063    0.0616   -0.2827    0.0232    0.3063  380   -0.2157   -0.9709   -0.9709    0.3606    0.3606
    2.0032    0.5941    0.5542   -0.8571    0.0370   -0.5941   -0.5542    0.8571   -0.0370   -0.0572    0.3580   -0.0272   -0.2738    0.0572   -0.3580    0.0272    0.2738  381   -0.2157   -0.9647   -0.9647    0.4434    0.4434
    2.0166    0.6015    0.5519   -0.8566    0.0402   -0.6015   -0.5519    0.8566   -0.0402   -0.0520    0.4356   -0.0306   -0.2324    0.0520   -0.4356    0.0306    0.2324  382   -0.2157   -0.9586   -0.9586    0.5321    0.5321
    2.0274    0.6075    0.5500   -0.8561    0.0428   -0.6075   -0.5500    0.8561   -0.0428   -0.0469    0.5019   -0.0329   -0.1896    0.0469   -0.5019    0.0329    0.1896  383   -0.2157   -0.9537   -0.9537    0.6117    0.6117
    2.0372    0.6129    0.5484   -0.8557    0.0452   -0.6129   -0.5484    0.8557   -0.0452   -0.0416    0.5652   -0.0345   -0.1414    0.0416   -0.5652    0.0345    0.1414  384   -0.2157   -0.9493   -0.9493    0.6920    0.6920
    2.0460    0.6176    0.5469   -0.8553    0.0472   -0.6176   -0.5469    0.8553   -0.0472   -0.0365    0.6244   -0.0355   -0.0883    0.0365   -0.6244    0.0355    0.0883  385   -0.2157   -0.9454   -0.9454    0.7724    0.7724
    2.0538    0.6219    0.5456   -0.8549    0.0491   -0.6219   -0.5456    0.8549   -0.0491   -0.0314    0.6799   -0.0360   -0.0299    0.0314   -0.6799    0.0360    0.0299  386   -0.2157   -0.9419   -0.9419    0.8540    0.8540
    2.0615    0.6261    0.5442   -0.8545    0.0509   -0.6261   -0.5442    0.8545   -0.0509   -0.0259    0.7367   -0.0360    0.0414    0.0259   -0.7367    0.0360   -0.0414  387   -0.2157   -0.9385   -0.9385    0.9464    0.9464
    2.0685    0.6299    0.5430   -0.8542    0.0525   -0.6299   -0.5430    0.8542   -0.0525   -0.0205    0.7899   -0.0354    0.1231    0.0205   -0.7899    0.0354   -0.1231  388   -0.2157   -0.9353   -0.9353    1.0455    1.0455
    2.0742    0.6330    0.5421   -0.8539    0.0538   -0.6330   -0.5421    0.8539   -0.0538   -0.0159    0.8322   -0.0345    0.2040    0.0159   -0.8322    0.0345   -0.2040  389   -0.2157   -0.9328   -0.9328    1.1383    1.1383
    2.0790    0.6356    0.5412   -0.8536    0.0549   -0.6356   -0.5412    0.8536   -0.0549   -0.0118    0.8663   -0.0333    0.2873    0.0118   -0.8663    0.0333   -0.2873  390   -0.2157   -0.9307   -0.9307    1.2299    1.2299
    2.0832    0.6379    0.5405   -0.8534    0.0559   -0.6379   -0.5405    0.8534   -0.0559   -0.0082    0.8924   -0.0319    0.3723    0.0082   -0.8924    0.0319   -0.3723  391   -0.2157   -0.9289   -0.9289    1.3205    1.3205
    2.0867    0.6398    0.5399   -0.8532    0.0567   -0.6398   -0.5399    0.8532   -0.0567   -0.0050    0.9104   -0.0305    0.4577    0.0050   -0.9104    0.0305   -0.4577  392   -0.2157   -0.9274   -0.9274    1.4093    1.4093
    2.0898    0.6414    0.5394   -0.8530    0.0574   -0.6414   -0.5394    0.8530   -0.0574   -0.0022    0.9204   -0.0289    0.5414    0.0022   -0.9204    0.0289   -0.5414  393   -0.2157   -0.9260   -0.9260    1.4953    1.4953
    2.0923    0.6428    0.5389   -0.8528    0.0580   -0.6428   -0.5389    0.8528   -0.0580    0.0002    0.9233   -0.0275    0.6211   -0.0002   -0.9233    0.0275   -0.6211  394   -0.2157   -0.9249   -0.9249   -1.5651   -1.5651
    2.0944    0.6439    0.5386   -0.8527    0.0584   -0.6439   -0.5386    0.8527   -0.0584    0.0020    0.9204   -0.0261    0.6922   -0.0020   -0.9204    0.0261   -0.6922  395   -0.2157   -0.9240   -0.9240   -1.4925   -1.4925
    2.0964    0.6450    0.5383   -0.8526    0.0589   -0.6450   -0.5383    0.8526   -0.0589    0.0039    0.9114   -0.0247    0.7687   -0.0039   -0.9114    0.0247   -0.7687  396   -0.2157   -0.9232   -0.9232   -1.4140   -1.4140
    2.0985    0.6461    0.5379   -0.8525    0.0594   -0.6461   -0.5379    0.8525   -0.0594    0.0058    0.8933   -0.0229    0.8572   -0.0058   -0.8933    0.0229   -0.8572  397   -0.2157   -0.9222   -0.9222   -1.3219   -1.3219
    2.1008    0.6474    0.5375   -0.8523    0.0599   -0.6474   -0.5375    0.8523   -0.0599    0.0078    0.8608   -0.0208    0.9606   -0.0078   -0.8608    0.0208   -0.9606  398   -0.2157   -0.9212   -0.9212   -1.2114   -1.2114
    2.1032    0.6487    0.5371   -0.8522    0.0605   -0.6487   -0.5371    0.8522   -0.0605    0.0099    0.8065   -0.0184    1.0804   -0.0099   -0.8065    0.0184   -1.0804  399   -0.2157   -0.9202   -0.9202   -1.0772   -1.0772
    2.1057    0.6500    0.5367   -0.8521    0.0610   -0.6500   -0.5367    0.8521   -0.0610    0.0117    0.7254   -0.0156    1.2068   -0.0117   -0.7254    0.0156   -1.2068  400   -0.2157   -0.9191   -0.9191   -0.9241   -0.9241
    2.1076    0.6510    0.5363   -0.8519    0.0614   -0.6510   -0.5363    0.8519   -0.0614    0.0131    0.6358   -0.0131    1.3097   -0.0131   -0.6358    0.0131   -1.3097  401   -0.2157   -0.9183   -0.9183   -0.7849   -0.7849
    2.1097    0.6521    0.5360   -0.8518    0.0619   -0.6521   -0.5360    0.8518   -0.0619    0.0143    0.5185   -0.0103    1.4098   -0.0143   -0.5185    0.0103   -1.4098  402   -0.2157   -0.9174   -0.9174   -0.6276   -0.6276
    2.1115    0.6531    0.5356   -0.8517    0.0623   -0.6531   -0.5356    0.8517   -0.0623    0.0151    0.3837   -0.0076    1.4919   -0.0151   -0.3837    0.0076   -1.4919  403   -0.2157   -0.9166   -0.9166   -0.4666   -0.4666
    2.1135    0.6542    0.5353   -0.8516    0.0627   -0.6542   -0.5353    0.8516   -0.0627    0.0157    0.2222   -0.0047    1.5559   -0.0157   -0.2222    0.0047   -1.5559  404   -0.2157   -0.9158   -0.9158   -0.2894   -0.2894
    2.1149    0.6549    0.5351   -0.8515    0.0631   -0.6549   -0.5351    0.8515   -0.0631    0.0159    0.0910   -0.0024    1.5854   -0.0159   -0.0910    0.0024   -1.5854  405   -0.2157   -0.9151   -0.9151   -0.1523   -0.1523
    2.1161    0.6555    0.5349   -0.8514    0.0633   -0.6555   -0.5349    0.8514   -0.0633    0.0160   -0.0221   -0.0006    1.5961   -0.0160    0.0221    0.0006   -1.5961  406   -0.2157   -0.9146   -0.9146   -0.0365   -0.0365
    2.1171    0.6561    0.5347   -0.8513    0.0636   -0.6561   -0.5347    0.8513   -0.0636    0.0159   -0.1233    0.0011    1.5945   -0.0159    0.1233   -0.0011   -1.5945  407   -0.2157   -0.9142   -0.9142    0.0666    0.0666
    2.1181    0.6566    0.5345   -0.8513    0.0638   -0.6566   -0.5345    0.8513   -0.0638    0.0157   -0.2183    0.0026    1.5835   -0.0157    0.2183   -0.0026   -1.5835  408   -0.2157   -0.9138   -0.9138    0.1640    0.1640
    2.1191    0.6572    0.5343   -0.8512    0.0640   -0.6572   -0.5343    0.8512   -0.0640    0.0154   -0.3208    0.0043    1.5609   -0.0154    0.3208   -0.0043   -1.5609  409   -0.2157   -0.9133   -0.9133    0.2709    0.2709
    2.1204    0.6579    0.5341   -0.8511    0.0643   -0.6579   -0.5341    0.8511   -0.0643    0.0150   -0.4356    0.0062    1.5211   -0.0150    0.4356   -0.0062   -1.5211  410   -0.2157   -0.9128   -0.9128    0.3948    0.3948
    2.1218    0.6586    0.5339   -0.8510    0.0646   -0.6586   -0.5339    0.8510   -0.0646    0.0142   -0.5562    0.0084    1.4609   -0.0142    0.5562   -0.0084   -1.4609  411   -0.2157   -0.9122   -0.9122    0.5321    0.5321
    2.1237    0.6596    0.5336   -0.8509    0.0650   -0.6596   -0.5336    0.8509   -0.0650    0.0131   -0.6890    0.0110    1.3670   -0.0131    0.6890   -0.0110   -1.3670  412   -0.2157   -0.9114   -0.9114    0.6979    0.6979
    2.1256    0.6606    0.5332   -0.8508    0.0654   -0.6606   -0.5332    0.8508   -0.0654    0.0117   -0.8010    0.0135    1.2567   -0.0117    0.8010   -0.0135   -1.2567  413   -0.2157   -0.9106   -0.9106    0.8582    0.8582
    2.1275    0.6616    0.5329   -0.8507    0.0659   -0.6616   -0.5329    0.8507   -0.0659    0.0101   -0.8851    0.0157    1.1441   -0.0101    0.8851   -0.0157   -1.1441  414   -0.2157   -0.9098   -0.9098    1.0014    1.0014
    2.1294    0.6627    0.5326   -0.8505    0.0663   -0.6627   -0.5326    0.8505   -0.0663    0.0083   -0.9481    0.0178    1.0294   -0.0083    0.9481   -0.0178   -1.0294  415   -0.2157   -0.9089   -0.9089    1.1348    1.1348
    2.1314    0.6637    0.5322   -0.8504    0.0667   -0.6637   -0.5322    0.8504   -0.0667    0.0063   -0.9936    0.0198    0.9132   -0.0063    0.9936   -0.0198   -0.9132  416   -0.2157   -0.9081   -0.9081    1.2619    1.2619
    2.1336    0.6649    0.5319   -0.8503    0.0672   -0.6649   -0.5319    0.8503   -0.0672    0.0041   -1.0232    0.0217    0.7962   -0.0041    1.0232   -0.0217   -0.7962  417   -0.2157   -0.9071   -0.9071    1.3850    1.3850
    2.1359    0.6661    0.5315   -0.8501    0.0677   -0.6661   -0.5315    0.8501   -0.0677    0.0017   -1.0375    0.0234    0.6863   -0.0017    1.0375   -0.0234   -0.6863  418   -0.2157   -0.9061   -0.9061    1.4979    1.4979
    2.1381    0.6673    0.5311   -0.8500    0.0682   -0.6673   -0.5311    0.8500   -0.0682   -0.0006   -1.0399    0.0248    0.5926    0.0006    1.0399   -0.0248   -0.5926  419   -0.2157   -0.9052   -0.9052   -1.5481   -1.5481
    2.1401    0.6684    0.5307   -0.8498    0.0686   -0.6684   -0.5307    0.8498   -0.0686   -0.0027   -1.0351    0.0259    0.5147    0.0027    1.0351   -0.0259   -0.5147  420   -0.2157   -0.9043   -0.9043   -1.4686   -1.4686
    2.1420    0.6694    0.5304   -0.8497    0.0691   -0.6694   -0.5304    0.8497   -0.0691   -0.0046   -1.0261    0.0268    0.4488    0.0046    1.0261   -0.0268   -0.4488  421   -0.2157   -0.9035   -0.9035   -1.4007   -1.4007
    2.1442    0.6705    0.5300   -0.8495    0.0695   -0.6705   -0.5300    0.8495   -0.0695   -0.0068   -1.0124    0.0277    0.3821    0.0068    1.0124   -0.0277   -0.3821  422   -0.2157   -0.9026   -0.9026   -1.3313   -1.3313
    2.1467    0.6718    0.5296   -0.8494    0.0701   -0.6718   -0.5296    0.8494   -0.0701   -0.0093   -0.9925    0.0286    0.3120    0.0093    0.9925   -0.0286   -0.3120  423   -0.2157   -0.9016   -0.9016   -1.2569   -1.2569
    2.1495    0.6734    0.5291   -0.8492    0.0707   -0.6734   -0.5291    0.8492   -0.0707   -0.0121   -0.9666    0.0294    0.2413    0.0121    0.9666   -0.0294   -0.2413  424   -0.2157   -0.9004   -0.9004   -1.1800   -1.1800
    2.1528    0.6751    0.5285   -0.8489    0.0714   -0.6751   -0.5285    0.8489   -0.0714   -0.0152   -0.9348    0.0301    0.1718    0.0152    0.9348   -0.0301   -0.1718  425   -0.2157   -0.8990   -0.8990   -1.1019   -1.1019
    2.1566    0.6771    0.5279   -0.8487    0.0722   -0.6771   -0.5279    0.8487   -0.0722   -0.0187   -0.8971    0.0306    0.1041    0.0187    0.8971   -0.0306   -0.1041  426   -0.2157   -0.8974   -0.8974   -1.0228   -1.0228
    2.1609    0.6793    0.5272   -0.8484    0.0731   -0.6793   -0.5272    0.8484   -0.0731   -0.0224   -0.8537    0.0309    0.0389    0.0224    0.8537   -0.0309   -0.0389  427   -0.2157   -0.8956   -0.8956   -0.9427   -0.9427
    2.1658    0.6819    0.5263   -0.8480    0.0742   -0.6819   -0.5263    0.8480   -0.0742   -0.0265   -0.8050    0.0309   -0.0227    0.0265    0.8050   -0.0309    0.0227  428   -0.2157   -0.8935   -0.8935   -0.8623   -0.8623
    2.1714    0.6849    0.5253   -0.8476    0.0754   -0.6849   -0.5253    0.8476   -0.0754   -0.0309   -0.7509    0.0306   -0.0809    0.0309    0.7509   -0.0306    0.0809  429   -0.2157   -0.8912   -0.8912   -0.7809   -0.7809
    2.1774    0.6880    0.5243   -0.8471    0.0767   -0.6880   -0.5243    0.8471   -0.0767   -0.0352   -0.6968    0.0300   -0.1305    0.0352    0.6968   -0.0300    0.1305  430   -0.2157   -0.8887   -0.8887   -0.7057   -0.7057
    2.1838    0.6914    0.5232   -0.8466    0.0780   -0.6914   -0.5232    0.8466   -0.0780   -0.0395   -0.6413    0.0290   -0.1742    0.0395    0.6413   -0.0290    0.1742  431   -0.2157   -0.8860   -0.8860   -0.6332   -0.6332
    2.1910    0.6952    0.5220   -0.8460    0.0796   -0.6952   -0.5220    0.8460   -0.0796   -0.0439   -0.5829    0.0276   -0.2136    0.0439    0.5829   -0.0276    0.2136  432   -0.2157   -0.8830   -0.8830   -0.5610   -0.5610
    2.1992    0.6994    0.5206   -0.8454    0.0813   -0.6994   -0.5206    0.8454   -0.0813   -0.0484   -0.5210    0.0257   -0.2491    0.0484    0.5210   -0.0257    0.2491  433   -0.2157   -0.8796   -0.8796   -0.4878   -0.4878
    2.2085    0.7042    0.5190   -0.8446    0.0832   -0.7042   -0.5190    0.8446   -0.0832   -0.0529   -0.4555    0.0232   -0.2803    0.0529    0.4555   -0.0232    0.2803  434   -0.2157   -0.8758   -0.8758   -0.4134   -0.4134
    2.2187    0.7095    0.5172   -0.8438    0.0853   -0.7095   -0.5172    0.8438   -0.0853   -0.0572   -0.3882    0.0202   -0.3063    0.0572    0.3882   -0.0202    0.3063  435   -0.2157   -0.8716   -0.8716   -0.3395   -0.3395
    2.2200    0.7102    0.5170   -0.8437    0.0856   -0.7102   -0.5170    0.8437   -0.0856   -0.0577   -0.3799    0.0198   -0.3091    0.0577    0.3799   -0.0198    0.3091  436   -0.2157   -0.8711   -0.8711   -0.3306   -0.3306
