 0.00000000e+00 -2.50000000e-01 3.06161700e-17 7.50000000e-01 0.00000000e+00 -9.37500000e-02
 1.90000000e-01 -2.45501059e-01 -4.72147237e-02 7.36503176e-01 1.41644171e-01 -9.37500000e-02
 3.80000000e-01 -2.32166159e-01 -9.27301173e-02 6.96498477e-01 2.78190352e-01 -9.37500000e-02
 5.70000000e-01 -2.10475244e-01 -1.34908012e-01 6.31425731e-01 4.04724037e-01 -9.37500000e-02
 7.60000000e-01 -1.81209003e-01 -1.72230361e-01 5.43627008e-01 5.16691084e-01 -9.37500000e-02
 9.50000000e-01 -1.45420772e-01 -2.03353876e-01 4.36262317e-01 6.10061629e-01 -9.37500000e-02
 1.14000000e+00 -1.04398626e-01 -2.27158374e-01 3.13195878e-01 6.81475122e-01 -9.37500000e-02
 1.32000000e+00 -6.20438629e-02 -2.42178775e-01 1.86131589e-01 7.26536325e-01 -9.37500000e-02
 1.51000000e+00 -1.51897203e-02 -2.49538118e-01 4.55691609e-02 7.48614354e-01 -9.37500000e-02
 1.70000000e+00 3.22111236e-02 -2.47916203e-01 -9.66333708e-02 7.43748608e-01 -9.37500000e-02
 1.89000000e+00 7.84526399e-02 -2.37371404e-01 -2.35357920e-01 7.12114211e-01 -9.37500000e-02
 2.08000000e+00 1.21870526e-01 -2.18283245e-01 -3.65611577e-01 6.54849734e-01 -9.37500000e-02
 2.27000000e+00 1.60902105e-01 -1.91338738e-01 -4.82706314e-01 5.74016214e-01 -9.37500000e-02
 2.46000000e+00 1.94142571e-01 -1.57507657e-01 -5.82427713e-01 4.72522972e-01 -9.37500000e-02
 2.64000000e+00 2.19204473e-01 -1.20205654e-01 -6.57613418e-01 3.60616961e-01 -9.37500000e-02
 2.83000000e+00 2.37961627e-01 -7.66437464e-02 -7.13884882e-01 2.29931239e-01 -9.37500000e-02
 3.02000000e+00 2.48154179e-01 -3.03233136e-02 -7.44462537e-01 9.09699407e-02 -9.37500000e-02
 3.21000000e+00 2.49415282e-01 1.70885017e-02 -7.48245847e-01 -5.12655052e-02 -9.37500000e-02
 3.40000000e+00 2.41699548e-01 6.38852757e-02 -7.25098644e-01 -1.91655827e-01 -9.37500000e-02
 3.59000000e+00 2.25284677e-01 1.08382721e-01 -6.75854032e-01 -3.25148163e-01 -9.37500000e-02
 3.77000000e+00 2.02241196e-01 1.46964276e-01 -6.06723589e-01 -4.40892828e-01 -9.37500000e-02
 3.96000000e+00 1.70846201e-01 1.82514590e-01 -5.12538602e-01 -5.47543771e-01 -9.37500000e-02
 4.15000000e+00 1.33302189e-01 2.11495925e-01 -3.99906566e-01 -6.34487776e-01 -9.37500000e-02
 4.34000000e+00 9.09604271e-02 2.32865199e-01 -2.72881281e-01 -6.98595596e-01 -9.37500000e-02
 4.53000000e+00 4.53448605e-02 2.45853297e-01 -1.36034582e-01 -7.37559891e-01 -9.37500000e-02
 4.72000000e+00 -1.90273689e-03 2.49992759e-01 5.70821068e-03 -7.49978277e-01 -9.37500000e-02
 4.91000000e+00 -4.90818519e-02 2.45134599e-01 1.47245556e-01 -7.35403798e-01 -9.37500000e-02
 5.09000000e+00 -9.21752132e-02 2.32387026e-01 2.76525640e-01 -6.97161079e-01 -9.37500000e-02
 5.28000000e+00 -1.34404807e-01 2.10796935e-01 4.03214420e-01 -6.32390806e-01 -9.37500000e-02
 5.47000000e+00 -1.71796966e-01 1.81619940e-01 5.15390897e-01 -5.44859820e-01 -9.37500000e-02
 5.66000000e+00 -2.03005889e-01 1.45906165e-01 6.09017667e-01 -4.37718495e-01 -9.37500000e-02
 5.85000000e+00 -2.26908320e-01 1.04941004e-01 6.80724960e-01 -3.14823012e-01 -9.37500000e-02
 6.04000000e+00 -2.42643973e-01 6.01988559e-02 7.27931920e-01 -1.80596568e-01 -9.37500000e-02
 6.23000000e+00 -2.49646499e-01 1.32900588e-02 7.48939496e-01 -3.98701764e-02 -9.37500000e-02
 6.41000000e+00 -2.47992447e-01 -3.16187656e-02 7.43977340e-01 9.48562969e-02 -9.37500000e-02
 6.60000000e+00 -2.37558148e-01 -7.78853412e-02 7.12674444e-01 2.33656024e-01 -9.37500000e-02
 6.79000000e+00 -2.18573768e-01 -1.21348704e-01 6.55721303e-01 3.64046113e-01 -9.37500000e-02
 6.98000000e+00 -1.91722583e-01 -1.60444542e-01 5.75167750e-01 4.81333625e-01 -9.37500000e-02
 7.17000000e+00 -1.57971010e-01 -1.93765735e-01 4.73913030e-01 5.81297204e-01 -9.37500000e-02
 7.36000000e+00 -1.18533818e-01 -2.20113003e-01 3.55601455e-01 6.60339008e-01 -9.37500000e-02
 7.54000000e+00 -7.72120126e-02 -2.37777848e-01 2.31636038e-01 7.13333545e-01 -9.37500000e-02
 7.73000000e+00 -3.09160617e-02 -2.48081029e-01 9.27481852e-02 7.44243088e-01 -9.37500000e-02
 7.92000000e+00 1.64926055e-02 -2.49455395e-01 -4.94778166e-02 7.48366184e-01 -9.37500000e-02
 8.11000000e+00 6.33076787e-02 -2.41851479e-01 -1.89923036e-01 7.25554436e-01 -9.37500000e-02
 8.30000000e+00 1.07844212e-01 -2.25542958e-01 -3.23532635e-01 6.76628875e-01 -9.37500000e-02
 8.49000000e+00 1.48499266e-01 -2.01116801e-01 -4.45497799e-01 6.03350404e-01 -9.37500000e-02
 8.68000000e+00 1.83809605e-01 -1.69452143e-01 -5.51428816e-01 5.08356430e-01 -9.37500000e-02
 8.86000000e+00 2.11176866e-01 -1.33807067e-01 -6.33530598e-01 4.01421202e-01 -9.37500000e-02
 9.05000000e+00 2.32647232e-01 -9.15164772e-02 -6.97941695e-01 2.74549432e-01 -9.37500000e-02
 9.24000000e+00 2.45744267e-01 -4.59320691e-02 -7.37232802e-01 1.37796207e-01 -9.37500000e-02
 9.43000000e+00 2.49996591e-01 1.30550446e-03 -7.49989774e-01 -3.91651338e-03 -9.37500000e-02
 9.62000000e+00 2.45251155e-01 4.84960909e-02 -7.35753466e-01 -1.45488273e-01 -9.37500000e-02
 9.81000000e+00 2.31678755e-01 9.39412288e-02 -6.95036265e-01 -2.81823687e-01 -9.37500000e-02
 1.00000000e+01 2.09767882e-01 1.36005278e-01 -6.29303646e-01 -4.08015835e-01 -9.37500000e-02
 1.01800000e+01 1.82029841e-01 1.71362590e-01 -5.46089522e-01 -5.14087769e-01 -9.37500000e-02
 1.03700000e+01 1.46390725e-01 2.02656743e-01 -4.39172175e-01 -6.07970230e-01 -9.37500000e-02
 1.05600000e+01 1.05482783e-01 2.26656971e-01 -3.16448350e-01 -6.79970912e-01 -9.37500000e-02
 1.07500000e+01 6.07783549e-02 2.42499467e-01 -1.82335065e-01 -7.27498401e-01 -9.37500000e-02
 1.09400000e+01 1.38864205e-02 2.49614037e-01 -4.16592615e-02 -7.48842110e-01 -9.37500000e-02
 1.11300000e+01 -3.35053074e-02 2.47744615e-01 1.00515922e-01 -7.43233846e-01 -9.37500000e-02
 1.13100000e+01 -7.73175981e-02 2.37743536e-01 2.31952794e-01 -7.13230609e-01 -9.37500000e-02
 1.15000000e+01 -1.20826190e-01 2.18863043e-01 3.62478571e-01 -6.56589130e-01 -9.37500000e-02
 1.16900000e+01 -1.59986063e-01 1.92105335e-01 4.79958190e-01 -5.76316004e-01 -9.37500000e-02
 1.18800000e+01 -1.93387793e-01 1.58433461e-01 5.80163378e-01 -4.75300383e-01 -9.37500000e-02
 1.20700000e+01 -2.19829200e-01 1.19059325e-01 6.59487600e-01 -3.57177975e-01 -9.37500000e-02
 1.22600000e+01 -2.38358618e-01 7.54000615e-02 7.15075854e-01 -2.26200184e-01 -9.37500000e-02
 1.24500000e+01 -2.48309145e-01 2.90270345e-02 7.44927434e-01 -8.70811036e-02 -9.37500000e-02
 1.26300000e+01 -2.49494083e-01 -1.58966154e-02 7.48482250e-01 4.76898461e-02 -9.37500000e-02
 1.28200000e+01 -2.42002029e-01 -6.27297205e-02 7.26006088e-01 1.88189161e-01 -9.37500000e-02
 1.30100000e+01 -2.25799952e-01 -1.07305087e-01 6.77399856e-01 3.21915261e-01 -9.37500000e-02
 1.32000000e+01 -2.01470989e-01 -1.48018379e-01 6.04412967e-01 4.44055138e-01 -9.37500000e-02
 1.33900000e+01 -1.69890777e-01 -1.83404264e-01 5.09672330e-01 5.50212791e-01 -9.37500000e-02
 1.35800000e+01 -1.32195936e-01 -2.12189148e-01 3.96587807e-01 6.36567444e-01 -9.37500000e-02
 1.37700000e+01 -8.97431607e-02 -2.33337020e-01 2.69229482e-01 7.00011061e-01 -9.37500000e-02
 1.39500000e+01 -4.65190154e-02 -2.45633836e-01 1.39557046e-01 7.36901507e-01 -9.37500000e-02
 1.41400000e+01 7.08264599e-04 -2.49998997e-01 -2.12479380e-03 7.49996990e-01 -9.37500000e-02
 1.43300000e+01 4.79100531e-02 -2.45366311e-01 -1.43730159e-01 7.36098934e-01 -9.37500000e-02
 1.45200000e+01 9.33874855e-02 -2.31902517e-01 -2.80162457e-01 6.95707552e-01 -9.37500000e-02
 1.47100000e+01 1.35503759e-01 -2.10092197e-01 -4.06511278e-01 6.30276590e-01 -9.37500000e-02
 1.49000000e+01 1.72743046e-01 -1.80720337e-01 -5.18229137e-01 5.42161010e-01 -9.37500000e-02
 1.50800000e+01 2.02306441e-01 -1.46874450e-01 -6.06919323e-01 4.40623349e-01 -9.37500000e-02
 1.52700000e+01 2.26404328e-01 -1.06023961e-01 -6.79212984e-01 3.18071882e-01 -9.37500000e-02
 1.54600000e+01 2.42353577e-01 -6.13575071e-02 -7.27060731e-01 1.84072521e-01 -9.37500000e-02
 1.56500000e+01 2.49580150e-01 -1.44827031e-02 -7.48740450e-01 4.34481093e-02 -9.37500000e-02
 1.58400000e+01 2.47823952e-01 3.29133556e-02 -7.43471855e-01 -9.87400668e-02 -9.37500000e-02
 1.60300000e+01 2.37148190e-01 7.91248122e-02 -7.11444570e-01 -2.37374437e-01 -9.37500000e-02
 1.62200000e+01 2.17937102e-01 1.22488446e-01 -6.53811307e-01 -3.67465338e-01 -9.37500000e-02
 1.64000000e+01 1.92486989e-01 1.59526671e-01 -5.77460968e-01 -4.78580014e-01 -9.37500000e-02
 1.65900000e+01 1.58895008e-01 1.93008747e-01 -4.76685024e-01 -5.79026241e-01 -9.37500000e-02
 1.67800000e+01 1.19584152e-01 2.19544143e-01 -3.58752456e-01 -6.58632428e-01 -9.37500000e-02
 1.69700000e+01 7.59692795e-02 2.38177809e-01 -2.27907838e-01 -7.14533426e-01 -9.37500000e-02
 1.71600000e+01 2.96201564e-02 2.48239091e-01 -8.88604692e-02 -7.44717273e-01 -9.37500000e-02
 1.73500000e+01 -1.77950414e-02 2.49365869e-01 5.33851242e-02 -7.48097606e-01 -9.37500000e-02
 1.75400000e+01 -6.45697684e-02 2.41517587e-01 1.93709305e-01 -7.24552762e-01 -9.37500000e-02
 1.77200000e+01 -1.06765350e-01 2.26055657e-01 3.20296050e-01 -6.78166971e-01 -9.37500000e-02
 1.79100000e+01 -1.47536648e-01 2.01824026e-01 4.42609943e-01 -6.05472079e-01 -9.37500000e-02
 1.81000000e+01 -1.82997875e-01 1.70328440e-01 5.48993626e-01 -5.10985321e-01 -9.37500000e-02
 1.82900000e+01 -2.11872730e-01 1.32702473e-01 6.35618189e-01 -3.98107420e-01 -9.37500000e-02
 1.84800000e+01 -2.33121960e-01 9.03003413e-02 6.99365881e-01 -2.70901024e-01 -9.37500000e-02
 1.86700000e+01 -2.45980775e-01 4.46481618e-02 7.37942325e-01 -1.33944485e-01 -9.37500000e-02
