  3.11474793E-317  4.94065646E-324  3.38886915E-313  3.21000003E-316
  1.08694442E-322  6.91918545E-310  6.91918503E-310  7.50910651E-310
  1.06099927E-313
  3.11474793E-317  4.94065646E-324  3.38886915E-313  3.21000003E-316
  1.08694442E-322  6.91918545E-310  6.91918503E-310  7.50910651E-310
  1.06099927E-313
  0.001188  842.1  10.228  0.001188  5.E-06  841.5  0.601  0.595  0.01
  0.001044  957.8  10.507  0.001032  5.E-06  968.9  0.6  0.574  0.01
  0.001087  919.6  10.418  0.001081  5.E-06  925.  0.6  0.563  0.01
  0.001041  960.7  10.514  0.001038  5.E-06  963.  0.601  0.583  0.01
  0.001052  950.8  10.489  0.001053  5.E-06  949.9  0.598  0.595  0.01
  0.001326  754.2  9.986  0.001323  5.E-06  756.  0.598  0.603  0.01
  0.001284  778.7  10.057  0.001288  5.E-06  776.6  0.6  0.614  0.01
  0.001081  925.2  10.43  0.001076  5.E-06  929.8  0.599  0.6  0.01
  0.001335  749.2  9.973  0.001337  5.E-06  748.2  0.6  0.6  0.01
  0.001514  660.4  9.699  0.001515  5.E-06  659.9  0.599  0.615  0.01
  0.001797  556.4  9.327  0.001794  5.E-06  557.4  0.6  0.603  0.01
  0.001035  966.3  10.525  0.001031  5.E-06  970.1  0.599  0.602  0.01
  0.001987  503.3  9.108  0.001981  5.E-06  504.9  0.599  0.595  0.01
  0.001269  788.3  10.082  0.001272  5.E-06  786.3  0.599  0.612  0.01
  0.001314  760.9  10.005  0.001313  5.E-06  761.4  0.598  0.587  0.01
  0.001078  927.3  10.436  0.001075  5.E-06  930.4  0.6  0.596  0.01
  0.001038  963.3  10.52  0.001031  5.E-06  969.8  0.601  0.585  0.01
  0.001792  558.2  9.333  0.001799  5.E-06  555.8  0.599  0.614  0.01
  0.001489  671.6  9.736  0.001489  5.E-06  671.4  0.6  0.599  0.01
  0.002198  455.  8.89  0.002203  5.E-06  453.8  0.6  0.61  0.01
  0.001154  866.9  10.287  0.001156  5.E-06  865.1  0.597  0.614  0.01
  0.001322  756.2  9.993  0.001323  5.E-06  755.6  0.6  0.617  0.01
  0.001183  845.4  10.234  0.001174  5.E-06  851.4  0.599  0.588  0.01
  0.001183  845.2  10.236  0.001182  5.E-06  845.8  0.601  0.6  0.01
  0.001203  831.  10.199  0.001206  5.E-06  828.9  0.601  0.57  0.01
  0.001004  996.4  10.591  0.001003  5.E-06  997.5  0.599  0.595  0.01
  0.002843  351.8  8.332  0.002839  5.E-06  352.3  0.601  0.579  0.01
  0.0011  909.5  10.395  0.001107  5.E-06  903.5  0.601  0.617  0.01
  0.001048  954.  10.496  0.001048  5.E-06  954.6  0.598  0.584  0.01
  0.001146  872.7  10.305  0.001146  5.E-06  872.5  0.601  0.598  0.01
  0.001405  712.  9.863  0.001412  5.E-06  708.3  0.6  0.612  0.01
  0.001024  976.2  10.548  0.00103  5.E-06  970.8  0.6  0.623  0.01
  0.001117  895.5  10.362  0.00112  5.E-06  892.5  0.602  0.597  0.01
  0.002153  464.6  8.935  0.002154  5.E-06  464.3  0.6  0.611  0.01
  0.001158  863.3  10.281  0.001155  5.E-06  865.7  0.601  0.597  0.01
  0.001201  832.5  10.201  0.001199  5.E-06  834.4  0.599  0.602  0.01
  0.001044  957.8  10.507  0.001042  5.E-06  959.5  0.601  0.596  0.01
  0.001059  944.2  10.475  0.001059  5.E-06  944.7  0.6  0.605  0.01
  0.001151  869.  10.294  0.001153  5.E-06  867.3  0.599  0.593  0.01
  0.001096  912.1  10.401  0.0011  5.E-06  909.  0.601  0.618  0.01
  0.001728  578.6  9.412  0.001726  5.E-06  579.5  0.6  0.603  0.01
  0.00125  799.7  10.114  0.001248  5.E-06  801.2  0.599  0.604  0.01
  0.001285  777.9  10.055  0.001292  5.E-06  774.  0.6  0.603  0.01
  0.001799  555.8  9.323  0.001797  5.E-06  556.5  0.599  0.593  0.01
  0.001043  958.9  10.508  0.001041  5.E-06  960.4  0.599  0.587  0.01
  0.001047  955.6  10.5  0.001043  5.E-06  959.  0.599  0.584  0.01
  0.001102  907.6  10.389  0.001104  5.E-06  905.6  0.6  0.603  0.01
  0.001995  501.3  9.099  0.001999  5.E-06  500.4  0.599  0.593  0.01
  0.001793  557.8  9.332  0.001797  5.E-06  556.5  0.599  0.602  0.01
  0.001597  626.2  9.585  0.001595  5.E-06  627.  0.601  0.593  0.01
  0.001155  865.5  10.288  0.00115  5.E-06  869.2  0.602  0.59  0.01
  0.00106  943.1  10.473  0.001056  5.E-06  946.9  0.601  0.604  0.01
  0.001513  661.1  9.703  0.001508  5.E-06  663.3  0.601  0.607  0.01
  0.001156  865.  10.285  0.001157  5.E-06  864.1  0.6  0.592  0.01
  0.00103  970.7  10.535  0.00103  5.E-06  970.4  0.599  0.593  0.01
  0.001029  971.8  10.537  0.001024  5.E-06  977.  0.6  0.577  0.01
  0.001046  956.1  10.503  0.001042  5.E-06  960.1  0.6  0.607  0.01
  0.001106  903.9  10.382  0.001115  5.E-06  896.5  0.601  0.607  0.01
  0.001714  583.3  9.433  0.001717  5.E-06  582.5  0.603  0.58  0.01
  0.001863  536.9  9.25  0.001861  5.E-06  537.3  0.601  0.597  0.01
  0.001084  922.3  10.425  0.001086  5.E-06  920.8  0.601  0.603  0.01
  0.001237  808.6  10.138  0.001241  5.E-06  806.1  0.6  0.609  0.01
  0.001518  658.6  9.693  0.001525  5.E-06  655.8  0.6  0.613  0.01
  0.002219  450.7  8.87  0.002225  5.E-06  449.5  0.601  0.61  0.01
  0.001964  509.3  9.135  0.001962  5.E-06  509.7  0.6  0.602  0.01
  0.001172  853.2  10.256  0.001179  5.E-06  848.4  0.601  0.604  0.01
  0.001312  761.9  10.01  0.001306  5.E-06  765.6  0.6  0.597  0.01
  0.001008  992.1  10.581  0.001008  5.E-06  992.  0.599  0.59  0.01
  0.002691  371.6  8.449  0.002692  5.E-06  371.5  0.599  0.602  0.01
  0.001119  893.3  10.355  0.00112  5.E-06  893.2  0.6  0.577  0.01
  0.001107  903.6  10.379  0.001104  5.E-06  905.4  0.599  0.587  0.01
  0.001231  812.3  10.149  0.001233  5.E-06  810.9  0.6  0.6  0.01
  0.001071  934.1  10.452  0.00108  5.E-06  925.8  0.6  0.613  0.01
  0.001729  578.3  9.412  0.001721  5.E-06  581.2  0.601  0.591  0.01
  0.001033  967.9  10.529  0.001038  5.E-06  963.3  0.6  0.619  0.01
  0.001287  777.3  10.054  0.001286  5.E-06  777.5  0.601  0.593  0.01
  0.001795  557.1  9.331  0.001797  5.E-06  556.5  0.601  0.609  0.01
  0.001216  822.3  10.174  0.001213  5.E-06  824.5  0.599  0.595  0.01
  0.001501  666.  9.718  0.001505  5.E-06  664.5  0.6  0.611  0.01
  0.001093  914.7  10.407  0.001096  5.E-06  912.7  0.6  0.591  0.01
  0.001082  924.5  10.431  0.001087  5.E-06  919.6  0.601  0.609  0.01
  0.001152  867.9  10.294  0.001151  5.E-06  869.  0.601  0.602  0.01
  0.00106  943.  10.474  0.001059  5.E-06  944.5  0.602  0.59  0.01
  0.001188  842.  10.226  0.001191  5.E-06  839.6  0.6  0.588  0.01
  0.001005  995.5  10.592  0.001012  5.E-06  988.  0.602  0.599  0.01
  0.0012  833.  10.205  0.001194  5.E-06  837.5  0.601  0.588  0.01
  0.001121  892.3  10.352  0.001122  5.E-06  891.1  0.599  0.583  0.01
  0.001155  865.8  10.286  0.001163  5.E-06  860.  0.599  0.619  0.01
  0.001037  964.4  10.521  0.001039  5.E-06  962.8  0.599  0.599  0.01
  0.00107  934.9  10.454  0.001073  5.E-06  932.3  0.6  0.601  0.01
  0.001105  904.9  10.382  0.001104  5.E-06  905.7  0.599  0.577  0.01
  0.001516  659.5  9.696  0.001522  5.E-06  657.2  0.6  0.601  0.01
  0.001103  906.4  10.387  0.001107  5.E-06  903.7  0.6  0.605  0.01
  0.001128  886.4  10.338  0.001127  5.E-06  887.5  0.6  0.59  0.01
  0.001211  825.9  10.185  0.001209  5.E-06  827.3  0.6  0.608  0.01
  0.001111  900.5  10.372  0.00111  5.E-06  901.  0.6  0.604  0.01
  0.001288  776.2  10.05  0.001285  5.E-06  777.9  0.6  0.569  0.01
  0.001269  788.3  10.082  0.001275  5.E-06  784.  0.598  0.605  0.01
  0.001361  735.  9.933  0.001351  5.E-06  740.2  0.601  0.589  0.01
  0.001012  987.9  10.574  0.001006  5.E-06  994.2  0.601  0.594  0.01
  0.002749  363.8  8.404  0.002748  5.E-06  363.9  0.6  0.601  0.01
